TSS_13473_wanner,3479257,-	1	1	1.63083	1.63083	1.63083
TSS_7323_storz_wanner,1913606,-	1	1	2.53611	2.53611	2.53611
TSS_11574_storz_wanner_regulondb,3067893,-	1	1	1.14606	1.14606	1.14606
TSS_10299_storz_regulondb,2732315,-	1	1	1.92957	1.92957	1.92957
TSS_14732_storz,3800399,-	1	1	5.00588	5.00588	5.00588
TSS_5275_storz,1333340,-	1	1	0.930147	0.930147	0.930147
TSS_2716_regulondb,702854,-	1	1	2.67277	2.67277	2.67277
TSS_6855_regulondb,1790215,-	1	1	2.29038	2.29038	2.29038
TSS_353_regulondb,83728,-	1	1	9.1862	9.1862	9.1862
TSS_7215_wanner,1889318,-	1	1	1.80089	1.80089	1.80089
TSS_8391_storz,2202359,-	1	1	1.46155	1.46155	1.46155
TSS_8200_wanner,2141027,-	1	1	1.17359	1.17359	1.17359
TSS_14768_regulondb,3809828,-	1	1	8.40522	8.40522	8.40522
TSS_7327_regulondb,1914188,-	1	1	2.54063	2.54063	2.54063
TSS_15493_storz,3984759,-	1	1	0.945877	0.945877	0.945877
TSS_11114_storz,2944085,-	1	1	1.32961	1.32961	1.32961
TSS_18009_wanner,4605744,-	1	1	1.2542	1.2542	1.2542
TSS_16675_wanner,4258053,-	1	1	2.37932	2.37932	2.37932
TSS_6872_storz_wanner_regulondb,1793744,-	1	1	1.91807	1.91807	1.91807
TSS_3550_storz_wanner,925907,-	1	1	3.38987	3.38987	3.38987
TSS_2590_regulondb,674058,-	1	1	2.50794	2.50794	2.50794
TSS_1898_wanner,478511,-	1	1	2.218	2.218	2.218
TSS_9281_wanner,2454937,-	1	1	2.73669	2.73669	2.73669
TSS_9922_storz_wanner,2638663,-	1	1	1.55941	1.55941	1.55941
TSS_5155_wanner,1308915,-	1	1	1.73467	1.73467	1.73467
TSS_3452_regulondb,902992,-	1	1	2.66482	2.66482	2.66482
TSS_16967_regulondb,4349708,-	1	1	1.31662	1.31662	1.31662
TSS_10820_wanner,2871409,-	1	1	1.31237	1.31237	1.31237
TSS_8270_wanner,2166370,-	1	1	1.13667	1.13667	1.13667
TSS_245_storz_regulondb,57156,-	1	1	2.10485	2.10485	2.10485
TSS_6071_storz,1577758,-	1	1	1.69468	1.69468	1.69468
TSS_3695_storz_regulondb,954037,-	1	1	1.69394	1.69394	1.69394
TSS_13611_storz_wanner_regulondb,3517188,-	1	1	1.42502	1.42502	1.42502
TSS_2138_wanner,557003,-	1	1	1.26158	1.26158	1.26158
TSS_6868_wanner,1793200,-	1	1	1.51926	1.51926	1.51926
TSS_16102_wanner,4126579,-	1	1	1.13671	1.13671	1.13671
TSS_10672_wanner,2821839,-	1	1	2.70134	2.70134	2.70134
TSS_7790_wanner,2036846,-	1	1	5.22295	5.22295	5.22295
TSS_12661_storz,3326920,-	1	1	1.91143	1.91143	1.91143
TSS_15222_regulondb,3923697,-	1	1	1.63132	1.63132	1.63132
TSS_13465_storz_regulondb,3476547,-	1	1	2.68162	2.68162	2.68162
TSS_4328_regulondb,1121866,-	1	1	1.15135	1.15135	1.15135
TSS_6327_storz_regulondb,1649886,-	1	1	1.24235	1.24235	1.24235
TSS_13219_regulondb,3440540,-	1	1	4.20909	4.20909	4.20909
TSS_17082_storz_regulondb,4373723,-	1	1	1.38104	1.38104	1.38104
TSS_16075_storz_regulondb,4120371,-	1	1	2.31215	2.31215	2.31215
TSS_13130_storz_regulondb,3427069,-	1	1	8.4969	8.4969	8.4969
TSS_12420_wanner,3276344,-	1	1	2.94465	2.94465	2.94465
TSS_17967_wanner,4597515,-	1	1	1.83503	1.83503	1.83503
TSS_15678_wanner,4022895,-	1	1	1.50395	1.50395	1.50395
TSS_1066_wanner,245883,-	1	1	3.7059	3.7059	3.7059
TSS_629_storz,150380,-	1	1	1.85936	1.85936	1.85936
TSS_14533_storz,3742411,-	1	1	1.36296	1.36296	1.36296
TSS_15534_storz,3995251,-	1	1	1.04759	1.04759	1.04759
TSS_5912_storz,1518897,-	1	1	1.17184	1.17184	1.17184
TSS_13441_storz_wanner,3472641,-	1	1	6.64173	6.64173	6.64173
TSS_16100_storz_regulondb,4126489,-	1	1	0.957418	0.957418	0.957418
TSS_7190_storz_regulondb,1878824,-	1	1	1.89832	1.89832	1.89832
TSS_8507_storz_wanner_regulondb,2238588,-	1	1	7.15554	7.15554	7.15554
TSS_9497_regulondb,2518736,-	1	1	1.70034	1.70034	1.70034
TSS_7314_storz_regulondb,1910642,-	1	1	4.63769	4.63769	4.63769
TSS_6296_wanner,1643924,-	1	1	1.85956	1.85956	1.85956
TSS_10737_storz,2850763,-	1	1	1.46563	1.46563	1.46563
TSS_10664_regulondb,2820109,-	1	1	2.08647	2.08647	2.08647
TSS_10091_regulondb,2683555,-	1	1	2.61186	2.61186	2.61186
TSS_9485_wanner,2515988,-	1	1	1.70483	1.70483	1.70483
TSS_9762_wanner_regulondb,2594785,-	1	1	1.24775	1.24775	1.24775
TSS_11091_storz,2939742,-	1	1	1.20214	1.20214	1.20214
TSS_3118_regulondb,806532,-	1	1	1.49563	1.49563	1.49563
TSS_4783_wanner,1232278,-	1	1	3.06818	3.06818	3.06818
TSS_2719_wanner,702928,-	1	1	2.4576	2.4576	2.4576
TSS_4868_storz,1255545,-	1	1	5.42427	5.42427	5.42427
TSS_5163_regulondb,1310438,-	1	1	1.42834	1.42834	1.42834
TSS_17539_regulondb,4484124,-	1	1	1.43011	1.43011	1.43011
TSS_1101_storz_wanner_regulondb,255807,-	1	1	1.89192	1.89192	1.89192
TSS_9045_regulondb,2403158,-	1	1	5.83109	5.83109	5.83109
TSS_5004_wanner,1288399,-	1	1	2.14515	2.14515	2.14515
TSS_4325_wanner,1120729,-	1	1	1.7953	1.7953	1.7953
TSS_782_storz_regulondb,189553,-	1	1	2.40898	2.40898	2.40898
TSS_7204_regulondb,1886085,-	1	1	1.44272	1.44272	1.44272
TSS_1249_regulondb,294880,-	1	1	10.2268	10.2268	10.2268
TSS_8277_storz,2167782,-	1	1	1.78167	1.78167	1.78167
TSS_5134_regulondb,1305199,-	1	1	1.68568	1.68568	1.68568
TSS_3187_storz,829922,-	1	1	1.23449	1.23449	1.23449
TSS_17079_regulondb,4373651,-	1	1	1.30569	1.30569	1.30569
TSS_13905_storz,3582741,-	1	1	2.90725	2.90725	2.90725
TSS_16970_storz,4350357,-	1	1	1.26709	1.26709	1.26709
TSS_14081_storz_wanner,3635459,-	1	1	1.08692	1.08692	1.08692
TSS_6881_wanner_regulondb,1797325,-	1	1	3.03143	3.03143	3.03143
TSS_8855_wanner_regulondb,2337479,-	1	1	2.56666	2.56666	2.56666
TSS_14278_wanner,3681520,-	1	1	3.74844	3.74844	3.74844
TSS_7367_storz_regulondb,1923331,-	1	1	5.18222	5.18222	5.18222
TSS_2069_storz,528236,-	1	1	8.40621	8.40621	8.40621
TSS_9221_regulondb,2438253,-	1	1	1.37831	1.37831	1.37831
TSS_12394_storz_wanner_regulondb,3268614,-	1	1	6.54906	6.54906	6.54906
TSS_14505_storz,3735297,-	1	1	6.7208	6.7208	6.7208
TSS_15231_regulondb,3925054,-	1	1	1.43651	1.43651	1.43651
TSS_610_wanner,146723,-	1	1	3.6719	3.6719	3.6719
TSS_2615_storz,678163,-	1	1	1.90636	1.90636	1.90636
TSS_10663_regulondb,2820061,-	1	1	1.78553	1.78553	1.78553
TSS_1022_storz,234201,-	1	1	2.04365	2.04365	2.04365
TSS_8809_storz_regulondb,2317933,-	1	1	1.57201	1.57201	1.57201
TSS_14308_regulondb,3694379,-	1	1	2.47881	2.47881	2.47881
TSS_10956_storz_regulondb,2906901,-	1	1	1.6729	1.6729	1.6729
TSS_6641_wanner,1732212,-	1	1	2.57373	2.57373	2.57373
TSS_2704_storz_regulondb,701088,-	1	1	1.25093	1.25093	1.25093
TSS_9985_storz_wanner,2651798,-	1	1	10.0947	10.0947	10.0947
TSS_9787_storz,2599147,-	1	1	1.46505	1.46505	1.46505
TSS_17369_storz,4439341,-	1	1	1.32594	1.32594	1.32594
TSS_9890_storz,2630737,-	1	1	1.72494	1.72494	1.72494
TSS_11946_storz,3159203,-	1	1	1.04436	1.04436	1.04436
TSS_13487_regulondb,3483868,-	1	1	2.17062	2.17062	2.17062
TSS_2669_wanner_regulondb,694214,-	1	1	1.43689	1.43689	1.43689
TSS_3398_regulondb,889161,-	1	1	1.53035	1.53035	1.53035
TSS_6972_wanner,1819771,-	1	1	1.63861	1.63861	1.63861
TSS_919_regulondb,214163,-	1	1	2.80431	2.80431	2.80431
TSS_11468_storz_regulondb,3039121,-	1	1	1.49232	1.49232	1.49232
TSS_17870_storz,4570159,-	1	1	1.0691	1.0691	1.0691
TSS_8352_wanner,2190864,-	1	1	1.1656	1.1656	1.1656
TSS_3851_regulondb,988211,-	1	1	2.15755	2.15755	2.15755
TSS_14714_storz,3795128,-	1	1	1.00305	1.00305	1.00305
TSS_3299_storz,859279,-	1	1	1.28342	1.28342	1.28342
TSS_1714_wanner,431408,-	1	1	2.79083	2.79083	2.79083
TSS_11531_wanner,3057374,-	1	1	1.49062	1.49062	1.49062
TSS_2343_storz,607015,-	1	1	1.29395	1.29395	1.29395
TSS_10195_wanner,2708251,-	1	1	4.86043	4.86043	4.86043
TSS_6070_storz,1577736,-	1	1	1.66409	1.66409	1.66409
TSS_17651_regulondb,4506709,-	1	1	1.15175	1.15175	1.15175
TSS_15026_regulondb,3878173,-	1	1	1.28056	1.28056	1.28056
TSS_3691_regulondb,953665,-	1	1	2.19778	2.19778	2.19778
TSS_16167_storz,4146399,-	1	1	1.10622	1.10622	1.10622
TSS_8065_storz,2096385,-	1	1	4.60439	4.60439	4.60439
TSS_13314_regulondb,3451461,-	1	1	7.32679	7.32679	7.32679
TSS_124_regulondb,21045,-	1	1	4.6365	4.6365	4.6365
TSS_3076_wanner,793872,-	1	1	1.129	1.129	1.129
TSS_10646_storz,2816294,-	1	1	1.62025	1.62025	1.62025
TSS_5270_storz,1332891,-	1	1	1.08192	1.08192	1.08192
TSS_9166_regulondb,2425871,-	1	1	2.65048	2.65048	2.65048
TSS_11315_storz_regulondb,2997940,-	1	1	1.48762	1.48762	1.48762
TSS_7726_storz,2021759,-	1	1	1.47351	1.47351	1.47351
TSS_3050_wanner,786892,-	1	1	3.05186	3.05186	3.05186
TSS_7734_wanner,2023333,-	1	1	5.68785	5.68785	5.68785
TSS_4029_storz_wanner,1030940,-	1	1	34.5573	34.5573	34.5573
TSS_18001_storz,4604424,-	1	1	147.719	147.719	147.719
TSS_17825_storz,4556338,-	1	1	1.17306	1.17306	1.17306
TSS_129_storz_wanner,21207,-	1	1	6.07141	6.07141	6.07141
TSS_8787_storz,2313697,-	1	1	1.36657	1.36657	1.36657
TSS_13226_storz_regulondb,3441152,-	1	1	1.42763	1.42763	1.42763
TSS_7757_storz_wanner,2030364,-	1	1	1.77378	1.77378	1.77378
TSS_8641_storz,2275798,-	1	1	1.1914	1.1914	1.1914
TSS_9309_storz_wanner,2463106,-	1	1	2.19253	2.19253	2.19253
TSS_1908_storz_regulondb,479647,-	1	1	9.10422	9.10422	9.10422
TSS_9944_storz,2642393,-	1	1	1.5354	1.5354	1.5354
TSS_3858_wanner,989636,-	1	1	2.68173	2.68173	2.68173
TSS_1793_regulondb,453431,-	1	1	2.46016	2.46016	2.46016
TSS_13221_regulondb,3440615,-	1	1	4.38034	4.38034	4.38034
TSS_2374_regulondb,621415,-	1	1	1.32385	1.32385	1.32385
TSS_11657_storz_wanner,3084431,-	1	1	3.43339	3.43339	3.43339
TSS_7620_regulondb,1985826,-	1	1	1.54017	1.54017	1.54017
TSS_5997_wanner,1550735,-	1	1	4.09565	4.09565	4.09565
TSS_1541_storz,391024,-	1	1	1.46853	1.46853	1.46853
TSS_7716_regulondb,2011060,-	1	1	11.4353	11.4353	11.4353
TSS_8414_wanner,2212693,-	1	1	1.97816	1.97816	1.97816
TSS_14368_storz,3706676,-	1	1	2.1563	2.1563	2.1563
TSS_12658_wanner,3326873,-	1	1	1.79355	1.79355	1.79355
TSS_11097_storz_regulondb,2940661,-	1	1	1.75755	1.75755	1.75755
TSS_6105_wanner,1590503,-	1	1	1.92628	1.92628	1.92628
TSS_3556_storz,926750,-	1	1	1.56873	1.56873	1.56873
TSS_14369_regulondb,3706717,-	1	1	2.66715	2.66715	2.66715
TSS_4358_storz_regulondb,1129387,-	1	1	4.19804	4.19804	4.19804
TSS_16762_storz,4279743,-	1	1	1.8935	1.8935	1.8935
TSS_8522_wanner,2241820,-	1	1	2.42358	2.42358	2.42358
TSS_8343_storz,2186359,-	1	1	1.92839	1.92839	1.92839
TSS_12554_storz,3309346,-	1	1	1.87883	1.87883	1.87883
TSS_2000_wanner,502518,-	1	1	1.75471	1.75471	1.75471
TSS_16807_storz,4296996,-	1	1	0.854722	0.854722	0.854722
TSS_18103_wanner,4633375,-	1	1	2.87684	2.87684	2.87684
TSS_3402_wanner,889215,-	1	1	1.6339	1.6339	1.6339
TSS_2754_regulondb,711162,-	1	1	2.24704	2.24704	2.24704
TSS_5608_regulondb,1435008,-	1	1	1.55087	1.55087	1.55087
TSS_8594_regulondb,2263352,-	1	1	0.947995	0.947995	0.947995
TSS_16440_storz_wanner_regulondb,4194323,-	1	1	3.66419	3.66419	3.66419
TSS_9537_storz,2529302,-	1	1	4.85614	4.85614	4.85614
TSS_632_storz,150689,-	1	1	1.84408	1.84408	1.84408
TSS_625_wanner,149629,-	1	1	1.15159	1.15159	1.15159
TSS_8321_storz,2180827,-	1	1	1.22977	1.22977	1.22977
TSS_6068_storz,1577372,-	1	1	15.7339	15.7339	15.7339
TSS_6532_wanner,1702354,-	1	1	1.75239	1.75239	1.75239
TSS_3979_regulondb,1020170,-	1	1	2.92112	2.92112	2.92112
TSS_10655_storz,2817427,-	1	1	1.58955	1.58955	1.58955
TSS_2537_regulondb,660683,-	1	1	4.97895	4.97895	4.97895
TSS_6886_regulondb,1798355,-	1	1	0.80496	0.80496	0.80496
TSS_8185_storz_regulondb,2135607,-	1	1	1.14976	1.14976	1.14976
TSS_6082_regulondb,1582052,-	1	1	1.44576	1.44576	1.44576
TSS_16542_storz_wanner_regulondb,4221675,-	1	1	4.45008	4.45008	4.45008
TSS_9947_storz,2642970,-	1	1	2.84627	2.84627	2.84627
TSS_9306_storz,2461468,-	1	1	6.31854	6.31854	6.31854
TSS_9945_storz_wanner_regulondb,2642935,-	1	1	2.61957	2.61957	2.61957
TSS_15320_storz,3946043,-	1	1	1.68047	1.68047	1.68047
TSS_9484_regulondb,2515914,-	1	1	1.51189	1.51189	1.51189
TSS_5468_wanner,1396682,-	1	1	1.40738	1.40738	1.40738
TSS_9305_storz,2461372,-	1	1	5.65322	5.65322	5.65322
TSS_17028_storz_regulondb,4364974,-	1	1	2.85211	2.85211	2.85211
TSS_10281_storz,2727934,-	1	1	1.89954	1.89954	1.89954
TSS_10288_storz_regulondb,2729354,-	1	1	9.93275	9.93275	9.93275
TSS_12345_storz_wanner,3252301,-	1	1	1.6604	1.6604	1.6604
TSS_15166_regulondb,3915295,-	1	1	1.05336	1.05336	1.05336
TSS_1221_storz,290588,-	1	1	1.42211	1.42211	1.42211
TSS_2539_storz,660765,-	1	1	4.90522	4.90522	4.90522
TSS_5291_regulondb,1337212,-	1	1	1.25262	1.25262	1.25262
TSS_1234_storz,292170,-	1	1	3.58153	3.58153	3.58153
TSS_10234_regulondb,2716615,-	1	1	2.2078	2.2078	2.2078
TSS_10182_storz,2707056,-	1	1	1.57185	1.57185	1.57185
TSS_4691_storz,1212049,-	1	1	1.46935	1.46935	1.46935
TSS_12062_storz,3181678,-	1	1	1.04148	1.04148	1.04148
TSS_10542_storz,2781948,-	1	1	6.72658	6.72658	6.72658
TSS_11742_storz,3100908,-	1	1	1.60292	1.60292	1.60292
TSS_7874_storz,2056126,-	1	1	12.4653	12.4653	12.4653
TSS_3276_storz,851936,-	1	1	1.89324	1.89324	1.89324
TSS_11822_regulondb,3122287,-	1	1	0.89961	0.89961	0.89961
TSS_10290_storz_wanner_regulondb,2729470,-	1	1	5.67249	5.67249	5.67249
TSS_10113_storz_wanner_regulondb,2689362,-	1	1	4.50898	4.50898	4.50898
TSS_6858_wanner,1790782,-	1	1	1.91908	1.91908	1.91908
TSS_2753_storz_wanner_regulondb,710744,-	1	1	2.75752	2.75752	2.75752
TSS_14790_storz,3814600,-	1	1	1.57657	1.57657	1.57657
TSS_15041_regulondb,3881901,-	1	1	2.29095	2.29095	2.29095
TSS_10374_wanner,2744275,-	1	1	6.23871	6.23871	6.23871
TSS_6834_wanner,1785184,-	1	1	3.34833	3.34833	3.34833
TSS_5334_regulondb,1349142,-	1	1	1.61063	1.61063	1.61063
TSS_8144_storz_wanner_regulondb,2112375,-	1	1	10.134	10.134	10.134
TSS_6581_wanner,1716057,-	1	1	1.18778	1.18778	1.18778
TSS_13613_storz_wanner_regulondb,3517402,-	1	1	2.07626	2.07626	2.07626
TSS_6408_regulondb,1666615,-	1	1	4.51891	4.51891	4.51891
TSS_12507_storz_regulondb,3299323,-	1	1	1.2589	1.2589	1.2589
TSS_2122_storz_regulondb,553713,-	1	1	1.80639	1.80639	1.80639
TSS_15043_wanner,3881983,-	1	1	2.40303	2.40303	2.40303
TSS_5649_wanner,1445372,-	1	1	2.56228	2.56228	2.56228
TSS_9508_storz_regulondb,2520527,-	1	1	2.3107	2.3107	2.3107
TSS_3852_wanner,988266,-	1	1	2.79857	2.79857	2.79857
TSS_2563_storz,668359,-	1	1	2.85811	2.85811	2.85811
TSS_2116_storz_wanner_regulondb,552365,-	1	1	1.21711	1.21711	1.21711
TSS_12557_storz_wanner_regulondb,3309808,-	1	1	5.41848	5.41848	5.41848
TSS_5461_wanner,1393996,-	1	1	1.51456	1.51456	1.51456
TSS_3370_storz_regulondb,881986,-	1	1	2.51137	2.51137	2.51137
TSS_10762_wanner,2859277,-	1	1	1.93698	1.93698	1.93698
TSS_485_storz,113322,-	1	1	1.2453	1.2453	1.2453
TSS_6206_wanner,1620937,-	1	1	6.08506	6.08506	6.08506
TSS_8576_storz,2257412,-	1	1	3.76207	3.76207	3.76207
TSS_5528_storz,1410184,-	1	1	1.53222	1.53222	1.53222
TSS_10216_storz,2713342,-	1	1	1.20531	1.20531	1.20531
TSS_14261_storz,3677250,-	1	1	4.62129	4.62129	4.62129
TSS_17612_storz_wanner,4498527,-	1	1	1.53211	1.53211	1.53211
TSS_9209_regulondb,2434912,-	1	1	1.17078	1.17078	1.17078
TSS_11283_storz,2989165,-	1	1	2.01497	2.01497	2.01497
TSS_7783_storz,2035678,-	1	1	1.0055	1.0055	1.0055
TSS_7645_storz_regulondb,1990874,-	1	1	2.15323	2.15323	2.15323
TSS_2186_storz,571426,-	1	1	1.533	1.533	1.533
TSS_15911_regulondb,4079351,-	1	1	1.15666	1.15666	1.15666
TSS_10238_regulondb,2716987,-	1	1	0.867182	0.867182	0.867182
TSS_16565_storz,4229677,-	1	1	1.36196	1.36196	1.36196
TSS_7621_storz,1985940,-	1	1	1.60323	1.60323	1.60323
TSS_7818_regulondb,2041586,-	1	1	16.2163	16.2163	16.2163
TSS_6215_storz,1623389,-	1	1	0.796314	0.796314	0.796314
TSS_9451_regulondb,2507469,-	1	1	2.07713	2.07713	2.07713
TSS_16658_storz_regulondb,4254525,-	1	1	1.58208	1.58208	1.58208
TSS_10543_regulondb,2782840,-	1	1	1.26373	1.26373	1.26373
TSS_13128_regulondb,3426899,-	1	1	12.2423	12.2423	12.2423
TSS_17900_wanner,4577383,-	1	1	1.5127	1.5127	1.5127
TSS_2538_regulondb,660733,-	1	1	4.77362	4.77362	4.77362
TSS_12209_storz,3217398,-	1	1	0.954714	0.954714	0.954714
TSS_13011_storz_wanner,3399376,-	1	1	1.44138	1.44138	1.44138
TSS_14362_storz_wanner_regulondb,3705893,-	1	1	1.41435	1.41435	1.41435
TSS_54_wanner,10564,-	1	1	1.07418	1.07418	1.07418
TSS_14983_wanner,3865540,-	1	1	2.44358	2.44358	2.44358
TSS_4360_storz_regulondb,1129416,-	1	1	4.20314	4.20314	4.20314
TSS_10657_storz,2817708,-	1	1	1.62198	1.62198	1.62198
TSS_13129_storz_wanner,3426961,-	1	1	13.818	13.818	13.818
TSS_513_regulondb,121650,-	1	1	1.71589	1.71589	1.71589
TSS_7853_storz,2051283,-	1	1	1.17226	1.17226	1.17226
TSS_11908_regulondb,3150036,-	1	1	2.4183	2.4183	2.4183
TSS_10092_storz_wanner,2683593,-	1	1	3.42128	3.42128	3.42128
TSS_10021_storz_wanner_regulondb,2660221,-	1	1	5.12932	5.12932	5.12932
TSS_4891_storz_wanner,1261399,-	1	1	2.82666	2.82666	2.82666
TSS_12115_wanner,3192886,-	1	1	14.8579	14.8579	14.8579
TSS_10577_regulondb,2796558,-	1	1	6.51561	6.51561	6.51561
TSS_11897_storz_wanner,3147517,-	1	1	1.54949	1.54949	1.54949
TSS_4703_storz,1214728,-	1	1	0.898628	0.898628	0.898628
TSS_623_regulondb,149617,-	1	1	1.15159	1.15159	1.15159
TSS_514_regulondb,121671,-	1	1	1.82249	1.82249	1.82249
TSS_12019_storz_regulondb,3174987,-	1	1	1.93208	1.93208	1.93208
TSS_4103_wanner,1057206,-	1	1	1.07164	1.07164	1.07164
TSS_484_wanner,113301,-	1	1	1.2453	1.2453	1.2453
TSS_3519_storz_regulondb,921899,-	1	1	4.19757	4.19757	4.19757
TSS_3568_wanner,931300,-	1	1	1.32781	1.32781	1.32781
TSS_6006_regulondb,1553751,-	1	1	1.52868	1.52868	1.52868
TSS_6420_storz,1669178,-	1	1	2.43289	2.43289	2.43289
TSS_17149_storz,4389569,-	1	1	1.27366	1.27366	1.27366
TSS_8966_wanner,2378686,-	1	1	1.28038	1.28038	1.28038
TSS_13965_storz,3602339,-	1	1	1.18879	1.18879	1.18879
TSS_5208_regulondb,1321132,-	1	1	1.31555	1.31555	1.31555
TSS_10959_regulondb,2907716,-	1	1	1.63374	1.63374	1.63374
TSS_2462_storz,643276,-	1	1	2.9601	2.9601	2.9601
TSS_275_storz,63357,-	1	1	1.08922	1.08922	1.08922
TSS_2562_wanner,668294,-	1	1	2.31858	2.31858	2.31858
TSS_5162_storz,1310298,-	1	1	1.63238	1.63238	1.63238
TSS_13633_regulondb,3524208,-	1	1	3.77566	3.77566	3.77566
TSS_12595_wanner,3316396,-	1	1	4.02218	4.02218	4.02218
TSS_2335_regulondb,605446,-	1	1	1.59993	1.59993	1.59993
TSS_10958_storz,2907011,-	1	1	1.33815	1.33815	1.33815
TSS_5632_regulondb,1440939,-	1	1	0.781487	0.781487	0.781487
TSS_11019_storz,2923072,-	1	1	1.44182	1.44182	1.44182
TSS_1937_storz_regulondb,485204,-	1	1	1.37405	1.37405	1.37405
TSS_17541_storz,4484159,-	1	1	1.57362	1.57362	1.57362
TSS_11266_storz,2984045,-	1	1	0.730482	0.730482	0.730482
TSS_3505_regulondb,918326,-	1	1	2.30448	2.30448	2.30448
TSS_5406_wanner,1382012,-	1	1	1.29723	1.29723	1.29723
TSS_12852_storz,3364767,-	1	1	1.04477	1.04477	1.04477
TSS_7148_storz,1870978,-	1	1	1.30531	1.30531	1.30531
TSS_7966_regulondb,2077410,-	1	1	2.70842	2.70842	2.70842
TSS_1459_storz_regulondb,365567,-	1	1	3.27668	3.27668	3.27668
TSS_1528_wanner,388977,-	1	1	1.50058	1.50058	1.50058
TSS_6249_storz,1632142,-	1	1	2.0677	2.0677	2.0677
TSS_13948_storz_wanner_regulondb,3597784,-	1	1	4.53833	4.53833	4.53833
TSS_779_regulondb,189471,-	1	1	1.97395	1.97395	1.97395
TSS_9465_storz,2510914,-	1	1	1.50627	1.50627	1.50627
TSS_4727_storz,1220061,-	1	1	1.72812	1.72812	1.72812
TSS_7046_regulondb,1842910,-	1	1	0.926277	0.926277	0.926277
TSS_5082_storz,1297618,-	1	1	2.37249	2.37249	2.37249
TSS_571_storz,136472,-	1	1	1.25589	1.25589	1.25589
TSS_6466_storz,1680120,-	1	1	1.36209	1.36209	1.36209
TSS_12199_regulondb,3214558,-	1	1	5.26577	5.26577	5.26577
TSS_8537_wanner,2246581,-	1	1	1.21653	1.21653	1.21653
TSS_611_regulondb,146745,-	1	1	3.58319	3.58319	3.58319
TSS_7644_regulondb,1990204,-	1	1	12.0569	12.0569	12.0569
TSS_6450_storz_regulondb,1676038,-	1	1	2.51887	2.51887	2.51887
TSS_12488_wanner,3296165,-	1	1	1.26927	1.26927	1.26927
TSS_2359_wanner,611861,-	1	1	1.0852	1.0852	1.0852
TSS_8095_storz,2101697,-	1	1	1.61708	1.61708	1.61708
TSS_3564_wanner,930220,-	1	1	1.22473	1.22473	1.22473
TSS_8088_storz,2100962,-	1	1	1.42025	1.42025	1.42025
TSS_6448_regulondb,1675999,-	1	1	1.8874	1.8874	1.8874
TSS_17920_storz_wanner_regulondb,4584833,-	1	1	1.9213	1.9213	1.9213
TSS_12790_wanner,3351070,-	1	1	1.25227	1.25227	1.25227
TSS_1899_storz,478545,-	1	1	2.51063	2.51063	2.51063
TSS_3049_regulondb,786849,-	1	1	2.30075	2.30075	2.30075
TSS_9195_regulondb,2431930,-	1	1	2.59557	2.59557	2.59557
TSS_15410_regulondb,3963640,-	1	1	1.29255	1.29255	1.29255
TSS_655_regulondb,157055,-	1	1	1.35312	1.35312	1.35312
TSS_6987_storz,1823031,-	1	1	2.41511	2.41511	2.41511
TSS_10190_regulondb,2708109,-	1	1	5.87847	5.87847	5.87847
TSS_11446_wanner_regulondb,3034346,-	1	1	1.21304	1.21304	1.21304
TSS_5315_regulondb,1342568,-	1	1	3.90801	3.90801	3.90801
TSS_10136_wanner,2696613,-	1	1	1.29792	1.29792	1.29792
TSS_9738_regulondb,2588907,-	1	1	2.65666	2.65666	2.65666
TSS_1713_storz_wanner_regulondb,431315,-	1	1	2.9703	2.9703	2.9703
TSS_4393_regulondb,1143903,-	1	1	6.02821	6.02821	6.02821
TSS_12879_regulondb,3371642,-	1	1	5.72833	5.72833	5.72833
TSS_12540_storz_regulondb,3306716,-	1	1	8.02408	8.02408	8.02408
TSS_15903_storz,4077624,-	1	1	1.03175	1.03175	1.03175
TSS_4668_storz_wanner,1203044,-	1	1	2.48706	2.48706	2.48706
TSS_11374_storz,3013812,-	1	1	1.03807	1.03807	1.03807
TSS_13571_wanner,3510388,-	1	1	1.82727	1.82727	1.82727
TSS_5029_regulondb,1292029,-	1	1	1.14032	1.14032	1.14032
TSS_13230_regulondb,3441373,-	1	1	1.68523	1.68523	1.68523
TSS_14453_wanner,3723376,-	1	1	1.63008	1.63008	1.63008
TSS_4219_regulondb,1096899,-	1	1	8.41669	8.41669	8.41669
TSS_3300_storz,859309,-	1	1	1.33719	1.33719	1.33719
TSS_15118_storz,3904597,-	1	1	2.76934	2.76934	2.76934
TSS_5799_wanner,1493139,-	1	1	4.49554	4.49554	4.49554
TSS_4692_storz,1212359,-	1	1	2.03015	2.03015	2.03015
TSS_14728_storz,3799387,-	1	1	2.61402	2.61402	2.61402
TSS_363_storz,84891,-	1	1	1.25096	1.25096	1.25096
TSS_3974_regulondb,1019428,-	1	1	6.26108	6.26108	6.26108
TSS_12895_regulondb,3375504,-	1	1	2.06061	2.06061	2.06061
TSS_5360_wanner,1355722,-	1	1	1.21206	1.21206	1.21206
TSS_12119_wanner,3193261,-	1	1	5.84924	5.84924	5.84924
TSS_7831_storz,2043649,-	1	1	0.866157	0.866157	0.866157
TSS_128_regulondb,21155,-	1	1	7.6341	7.6341	7.6341
TSS_14069_storz,3632337,-	1	1	1.69116	1.69116	1.69116
TSS_12071_wanner,3182739,-	1	1	4.06268	4.06268	4.06268
TSS_16247_wanner,4161304,-	1	1	1.66776	1.66776	1.66776
TSS_11311_regulondb,2997086,-	1	1	6.4902	6.4902	6.4902
TSS_3692_wanner,953714,-	1	1	2.64229	2.64229	2.64229
TSS_5778_storz,1489529,-	1	1	0.929369	0.929369	0.929369
TSS_13947_regulondb,3597715,-	1	1	2.43099	2.43099	2.43099
TSS_6986_storz,1823006,-	1	1	2.30729	2.30729	2.30729
TSS_9633_storz_regulondb,2548612,-	1	1	1.36632	1.36632	1.36632
TSS_11259_wanner,2983634,-	1	1	2.99666	2.99666	2.99666
TSS_7844_storz,2049443,-	1	1	1.48067	1.48067	1.48067
TSS_16739_regulondb,4273187,-	1	1	1.04543	1.04543	1.04543
TSS_12660_storz,3326884,-	1	1	1.91143	1.91143	1.91143
TSS_4697_wanner,1213335,-	1	1	4.87364	4.87364	4.87364
TSS_1997_storz,500461,-	1	1	1.04322	1.04322	1.04322
TSS_5798_storz,1493095,-	1	1	4.11482	4.11482	4.11482
TSS_2405_regulondb,632740,-	1	1	1.00788	1.00788	1.00788
TSS_7445_wanner,1938251,-	1	1	1.33297	1.33297	1.33297
TSS_8179_storz,2128282,-	1	1	2.59767	2.59767	2.59767
TSS_18082_regulondb,4628578,-	1	1	1.76849	1.76849	1.76849
TSS_17629_storz,4502053,-	1	1	24.2407	24.2407	24.2407
TSS_11222_wanner,2974406,-	1	1	1.56122	1.56122	1.56122
TSS_12250_regulondb,3233914,-	1	1	0.905481	0.905481	0.905481
TSS_922_wanner,214196,-	1	1	2.36277	2.36277	2.36277
TSS_8665_wanner,2281989,-	1	1	1.29356	1.29356	1.29356
TSS_1913_wanner_regulondb,480018,-	1	1	4.70678	4.70678	4.70678
TSS_572_storz,136504,-	1	1	1.87096	1.87096	1.87096
TSS_669_regulondb,160641,-	1	1	2.55437	2.55437	2.55437
TSS_13176_storz_regulondb,3436695,-	1	1	2.53383	2.53383	2.53383
TSS_7564_storz_regulondb,1975324,-	1	1	4.25801	4.25801	4.25801
TSS_946_storz_regulondb,220022,-	1	1	1.94705	1.94705	1.94705
TSS_13952_regulondb,3598836,-	1	1	4.6651	4.6651	4.6651
TSS_10588_storz,2798716,-	1	1	0.935842	0.935842	0.935842
TSS_11907_storz,3149983,-	1	1	2.31449	2.31449	2.31449
TSS_12850_storz_regulondb,3364731,-	1	1	1.00667	1.00667	1.00667
TSS_14062_storz,3630331,-	1	1	1.97332	1.97332	1.97332
TSS_7396_regulondb,1928789,-	1	1	3.32792	3.32792	3.32792
TSS_2541_storz,661533,-	1	1	1.33049	1.33049	1.33049
TSS_4276_storz,1108376,-	1	1	1.57335	1.57335	1.57335
TSS_8006_wanner,2085260,-	1	1	1.72023	1.72023	1.72023
TSS_4802_regulondb,1241325,-	1	1	1.53107	1.53107	1.53107
TSS_5801_regulondb,1493158,-	1	1	4.87841	4.87841	4.87841
TSS_17744_storz,4532247,-	1	1	4.11456	4.11456	4.11456
TSS_14663_wanner,3783076,-	1	1	1.65471	1.65471	1.65471
TSS_10816_storz_wanner_regulondb,2870922,-	1	1	2.12044	2.12044	2.12044
TSS_8007_storz,2085283,-	1	1	1.72023	1.72023	1.72023
TSS_8330_wanner,2183472,-	1	1	2.64628	2.64628	2.64628
TSS_17351_storz,4436552,-	1	1	2.0666	2.0666	2.0666
TSS_1340_storz,318001,-	1	1	2.38415	2.38415	2.38415
TSS_3341_wanner,877291,-	1	1	1.31659	1.31659	1.31659
TSS_13631_storz,3524195,-	1	1	3.77566	3.77566	3.77566
TSS_8644_regulondb,2276375,-	1	1	2.99754	2.99754	2.99754
TSS_3506_wanner,918347,-	1	1	2.36494	2.36494	2.36494
TSS_17171_wanner,4392114,-	1	1	1.12533	1.12533	1.12533
TSS_2375_storz_regulondb,621457,-	1	1	1.70315	1.70315	1.70315
TSS_4073_storz,1050421,-	1	1	6.52673	6.52673	6.52673
TSS_11131_regulondb,2947086,-	1	1	2.07637	2.07637	2.07637
TSS_4194_storz,1092675,-	1	1	0.96837	0.96837	0.96837
TSS_17312_storz_regulondb,4426842,-	1	1	1.2432	1.2432	1.2432
TSS_9740_regulondb,2588918,-	1	1	3.20282	3.20282	3.20282
TSS_13499_regulondb,3488209,-	1	1	1.19791	1.19791	1.19791
TSS_8469_regulondb,2228417,-	1	1	1.10905	1.10905	1.10905
TSS_11218_regulondb,2974014,-	1	1	1.61452	1.61452	1.61452
TSS_7300_wanner,1906590,-	1	1	1.89251	1.89251	1.89251
TSS_920_regulondb,214187,-	1	1	2.34765	2.34765	2.34765
TSS_5030_regulondb,1292154,-	1	1	11.259	11.259	11.259
TSS_12018_storz_regulondb,3174943,-	1	1	1.84658	1.84658	1.84658
TSS_5357_storz,1355159,-	1	1	1.59371	1.59371	1.59371
TSS_6267_storz_regulondb,1636836,-	1	1	15.4401	15.4401	15.4401
TSS_10796_storz_wanner,2866139,-	1	1	3.97125	3.97125	3.97125
TSS_18128_regulondb,4638824,-	1	1	3.75216	3.75216	3.75216
TSS_11802_regulondb,3117342,-	1	1	1.79018	1.79018	1.79018
TSS_630_storz,150401,-	1	1	2.00134	2.00134	2.00134
TSS_10298_regulondb,2732219,-	1	1	2.46791	2.46791	2.46791
TSS_8131_storz,2109319,-	1	1	1.50139	1.50139	1.50139
TSS_5003_regulondb,1288373,-	1	1	2.21972	2.21972	2.21972
TSS_10164_regulondb,2702245,-	1	1	2.22004	2.22004	2.22004
TSS_15556_storz,4000617,-	1	1	1.65435	1.65435	1.65435
TSS_11984_wanner,3166583,-	1	1	2.8993	2.8993	2.8993
TSS_5609_regulondb,1435082,-	1	1	1.84287	1.84287	1.84287
TSS_1310_regulondb,310706,-	1	1	1.90669	1.90669	1.90669
TSS_6853_regulondb,1790111,-	1	1	1.55562	1.55562	1.55562
TSS_14504_regulondb,3735244,-	1	1	6.09531	6.09531	6.09531
TSS_398_storz,92677,-	1	1	1.01446	1.01446	1.01446
TSS_6851_wanner,1789277,-	1	1	1.83607	1.83607	1.83607
TSS_6596_regulondb,1718873,-	1	1	1.54531	1.54531	1.54531
TSS_12593_storz,3316311,-	1	1	3.85095	3.85095	3.85095
TSS_7553_storz,1970739,-	1	1	4.72576	4.72576	4.72576
TSS_2144_storz,559003,-	1	1	2.40109	2.40109	2.40109
TSS_7290_storz,1905108,-	1	1	1.50252	1.50252	1.50252
TSS_9061_wanner,2404841,-	1	1	1.8016	1.8016	1.8016
TSS_4361_storz_regulondb,1130108,-	1	1	4.72222	4.72222	4.72222
TSS_12490_storz,3296194,-	1	1	1.27248	1.27248	1.27248
TSS_14159_regulondb,3654742,-	1	1	2.26271	2.26271	2.26271
TSS_2747_regulondb,709923,-	1	1	4.88607	4.88607	4.88607
TSS_1034_wanner,236005,-	1	1	0.995174	0.995174	0.995174
TSS_18121_regulondb,4638531,-	1	1	1.44041	1.44041	1.44041
TSS_5605_wanner,1433664,-	1	1	3.42452	3.42452	3.42452
TSS_14216_storz,3664083,-	1	1	1.61942	1.61942	1.61942
TSS_3058_storz,788983,-	1	1	1.43399	1.43399	1.43399
TSS_6895_storz_regulondb,1799370,-	1	1	1.16691	1.16691	1.16691
TSS_10925_wanner,2903463,-	1	1	2.72109	2.72109	2.72109
TSS_4177_storz,1085512,-	1	1	1.17945	1.17945	1.17945
TSS_8452_wanner,2222962,-	1	1	2.38683	2.38683	2.38683
TSS_2121_regulondb,553683,-	1	1	1.76841	1.76841	1.76841
TSS_3693_storz,953983,-	1	1	1.65116	1.65116	1.65116
TSS_2227_wanner,581992,-	1	1	1.31406	1.31406	1.31406
TSS_2377_storz,621477,-	1	1	1.70315	1.70315	1.70315
TSS_12615_storz_regulondb,3320609,-	1	1	17.2482	17.2482	17.2482
TSS_13799_regulondb,3559872,-	1	1	1.50717	1.50717	1.50717
TSS_5772_regulondb,1488770,-	1	1	3.70895	3.70895	3.70895
TSS_5383_regulondb,1365953,-	1	1	3.34704	3.34704	3.34704
TSS_12098_storz,3188898,-	1	1	7.67945	7.67945	7.67945
TSS_12650_regulondb,3325782,-	1	1	3.49395	3.49395	3.49395
TSS_8358_regulondb,2192244,-	1	1	1.61875	1.61875	1.61875
TSS_14305_regulondb,3694306,-	1	1	1.56076	1.56076	1.56076
TSS_3949_regulondb,1015695,-	1	1	3.14803	3.14803	3.14803
TSS_14486_storz,3730754,-	1	1	1.59261	1.59261	1.59261
TSS_16445_regulondb,4194882,-	1	1	2.33901	2.33901	2.33901
TSS_14055_wanner,3628951,-	1	1	4.85285	4.85285	4.85285
TSS_2671_wanner,694241,-	1	1	1.5355	1.5355	1.5355
TSS_17306_storz,4425130,-	1	1	1.00244	1.00244	1.00244
TSS_780_regulondb,189532,-	1	1	2.09779	2.09779	2.09779
TSS_4661_regulondb,1202178,-	1	1	1.9599	1.9599	1.9599
TSS_17373_regulondb,4440284,-	1	1	0.987463	0.987463	0.987463
TSS_15199_wanner,3920547,-	1	1	2.81405	2.81405	2.81405
TSS_7189_regulondb,1878791,-	1	1	1.36302	1.36302	1.36302
TSS_7735_storz,2023368,-	1	1	4.98235	4.98235	4.98235
TSS_17968_storz,4597543,-	1	1	2.15777	2.15777	2.15777
TSS_3070_wanner,793036,-	1	1	2.1496	2.1496	2.1496
TSS_4934_wanner,1271118,-	1	1	2.07461	2.07461	2.07461
TSS_2194_regulondb,574997,-	1	1	1.41793	1.41793	1.41793
TSS_14749_storz_wanner_regulondb,3806261,-	1	1	1.27549	1.27549	1.27549
TSS_11610_wanner,3071844,-	1	1	3.82333	3.82333	3.82333
TSS_3565_regulondb,930254,-	1	1	1.51482	1.51482	1.51482
TSS_127_wanner,21118,-	1	1	7.69698	7.69698	7.69698
TSS_6260_wanner,1635869,-	1	1	4.91991	4.91991	4.91991
TSS_5602_storz,1433121,-	1	1	1.33709	1.33709	1.33709
TSS_14418_storz,3717143,-	1	1	1.41343	1.41343	1.41343
TSS_16731_wanner,4271955,-	1	1	1.15782	1.15782	1.15782
TSS_14002_wanner,3609781,-	1	1	1.42469	1.42469	1.42469
TSS_17956_storz,4593838,-	1	1	2.24411	2.24411	2.24411
TSS_3555_regulondb,926683,-	1	1	1.40431	1.40431	1.40431
TSS_6164_storz,1611305,-	1	1	1.46797	1.46797	1.46797
TSS_1904_wanner,479167,-	1	1	3.01336	3.01336	3.01336
TSS_17667_regulondb,4514750,-	1	1	1.47245	1.47245	1.47245
TSS_9196_regulondb,2431996,-	1	1	3.83076	3.83076	3.83076
TSS_10551_storz,2785557,-	1	1	2.39909	2.39909	2.39909
TSS_15228_regulondb,3924498,-	1	1	3.68161	3.68161	3.68161
TSS_7622_wanner_regulondb,1986025,-	1	1	1.59834	1.59834	1.59834
TSS_4394_storz_wanner_regulondb,1143951,-	1	1	6.01837	6.01837	6.01837
TSS_11525_regulondb,3056441,-	1	1	1.80334	1.80334	1.80334
TSS_7968_storz,2077491,-	1	1	2.56408	2.56408	2.56408
TSS_4314_regulondb,1118294,-	1	1	1.63825	1.63825	1.63825
TSS_9614_regulondb,2542686,-	1	1	2.36275	2.36275	2.36275
TSS_9050_storz_wanner,2403399,-	1	1	7.50268	7.50268	7.50268
TSS_6656_regulondb,1735601,-	1	1	1.57831	1.57831	1.57831
TSS_5144_regulondb,1306658,-	1	1	1.78778	1.78778	1.78778
TSS_5599_regulondb,1432604,-	1	1	3.11213	3.11213	3.11213
TSS_7819_storz,2041612,-	1	1	15.6299	15.6299	15.6299
TSS_5557_wanner,1418264,-	1	1	4.43421	4.43421	4.43421
TSS_2748_storz_wanner_regulondb,710051,-	1	1	3.75824	3.75824	3.75824
TSS_7542_storz,1960133,-	1	1	1.29794	1.29794	1.29794
TSS_7474_wanner,1944031,-	1	1	1.6629	1.6629	1.6629
TSS_10175_regulondb,2705218,-	1	1	1.51015	1.51015	1.51015
TSS_10397_wanner,2748767,-	1	1	6.08043	6.08043	6.08043
TSS_10375_regulondb,2744310,-	1	1	6.81438	6.81438	6.81438
TSS_13890_wanner,3579038,-	1	1	3.89641	3.89641	3.89641
TSS_13377_wanner,3465021,-	1	1	1.40698	1.40698	1.40698
TSS_17995_storz,4603713,-	1	1	3.60008	3.60008	3.60008
TSS_11290_storz,2991390,-	1	1	2.10293	2.10293	2.10293
TSS_10924_storz,2902601,-	1	1	1.7947	1.7947	1.7947
TSS_1188_regulondb,279115,-	1	1	1.27697	1.27697	1.27697
TSS_9215_storz_regulondb,2435905,-	1	1	1.48312	1.48312	1.48312
TSS_4717_storz,1217961,-	1	1	1.10371	1.10371	1.10371
TSS_11339_wanner,3003868,-	1	1	2.60362	2.60362	2.60362
TSS_16201_storz_wanner,4151210,-	1	1	1.71057	1.71057	1.71057
TSS_14054_regulondb,3628862,-	1	1	4.92922	4.92922	4.92922
TSS_1785_wanner,450876,-	1	1	5.5347	5.5347	5.5347
TSS_16061_wanner,4117378,-	1	1	2.01174	2.01174	2.01174
TSS_7125_wanner,1864529,-	1	1	2.63169	2.63169	2.63169
TSS_8645_storz_wanner_regulondb,2276419,-	1	1	2.79834	2.79834	2.79834
TSS_5424_wanner,1386867,-	1	1	2.58552	2.58552	2.58552
TSS_14138_storz_regulondb,3651212,-	1	1	1.57504	1.57504	1.57504
TSS_13876_storz,3576249,-	1	1	1.25319	1.25319	1.25319
TSS_10661_regulondb,2820046,-	1	1	1.73501	1.73501	1.73501
TSS_14770_storz_wanner_regulondb,3810018,-	1	1	3.73789	3.73789	3.73789
TSS_11288_storz,2990785,-	1	1	2.0208	2.0208	2.0208
TSS_7679_storz_regulondb,1999831,-	1	1	10.3893	10.3893	10.3893
TSS_10413_wanner,2752769,-	1	1	1.87821	1.87821	1.87821
TSS_11631_regulondb,3079729,-	1	1	2.40178	2.40178	2.40178
TSS_4815_regulondb,1243779,-	1	1	3.35448	3.35448	3.35448
TSS_15201_storz,3920743,-	1	1	1.14998	1.14998	1.14998
TSS_13459_regulondb,3475512,-	1	1	2.0587	2.0587	2.0587
TSS_14688_storz,3791016,-	1	1	1.64346	1.64346	1.64346
TSS_125_regulondb,21094,-	1	1	6.46928	6.46928	6.46928
TSS_4630_regulondb,1196812,-	1	1	1.84347	1.84347	1.84347
TSS_247_storz_regulondb,57241,-	1	1	2.26335	2.26335	2.26335
TSS_12911_regulondb,3376768,-	1	1	4.06678	4.06678	4.06678
TSS_13273_regulondb,3446457,-	1	1	4.01566	4.01566	4.01566
TSS_1748_storz_regulondb,440597,-	1	1	2.59472	2.59472	2.59472
TSS_5610_regulondb,1435103,-	1	1	2.83161	2.83161	2.83161
TSS_17285_wanner,4417661,-	1	1	1.56144	1.56144	1.56144
TSS_5527_regulondb,1410137,-	1	1	1.35208	1.35208	1.35208
TSS_12681_regulondb,3331529,-	1	1	6.02897	6.02897	6.02897
TSS_10955_regulondb,2906868,-	1	1	1.3712	1.3712	1.3712
TSS_17528_regulondb,4481942,-	1	1	1.27802	1.27802	1.27802
TSS_3490_storz,914524,-	1	1	1.55501	1.55501	1.55501
TSS_2718_regulondb,702878,-	1	1	2.49192	2.49192	2.49192
TSS_6156_regulondb,1608744,-	1	1	1.98328	1.98328	1.98328
TSS_13220_regulondb,3440574,-	1	1	4.00699	4.00699	4.00699
TSS_10194_regulondb,2708208,-	1	1	5.81295	5.81295	5.81295
TSS_12591_storz_wanner_regulondb,3316197,-	1	1	3.4703	3.4703	3.4703
TSS_2212_wanner,578143,-	1	1	3.04726	3.04726	3.04726
TSS_6576_regulondb,1715293,-	1	1	1.92443	1.92443	1.92443
TSS_7093_storz_wanner_regulondb,1860488,-	1	1	3.7157	3.7157	3.7157
TSS_9335_storz_regulondb,2468713,-	1	1	3.06731	3.06731	3.06731
TSS_12883_wanner,3372539,-	1	1	2.27983	2.27983	2.27983
TSS_5328_storz_wanner,1346964,-	1	1	2.26838	2.26838	2.26838
TSS_13977_storz,3603656,-	1	1	1.25956	1.25956	1.25956
TSS_13228_regulondb,3441270,-	1	1	1.81561	1.81561	1.81561
TSS_10922_storz,2902427,-	1	1	1.67578	1.67578	1.67578
TSS_10425_storz,2755934,-	1	1	1.96335	1.96335	1.96335
TSS_16051_wanner,4116183,-	1	1	3.24745	3.24745	3.24745
TSS_7921_storz,2065493,-	1	1	1.31585	1.31585	1.31585
TSS_12912_wanner,3376829,-	1	1	5.23209	5.23209	5.23209
TSS_11803_storz,3117363,-	1	1	1.79018	1.79018	1.79018
TSS_8519_storz,2241744,-	1	1	3.41181	3.41181	3.41181
TSS_12385_storz_regulondb,3266164,-	1	1	1.66019	1.66019	1.66019
TSS_7618_regulondb,1985810,-	1	1	1.42726	1.42726	1.42726
TSS_5150_wanner,1308372,-	1	1	1.84151	1.84151	1.84151
TSS_6465_wanner,1680083,-	1	1	1.21423	1.21423	1.21423
TSS_6971_wanner,1819749,-	1	1	1.68861	1.68861	1.68861
TSS_9065_storz_regulondb,2405034,-	1	1	1.43731	1.43731	1.43731
TSS_4774_storz,1229316,-	1	1	1.35701	1.35701	1.35701
TSS_10919_storz,2901617,-	1	1	1.13123	1.13123	1.13123
TSS_2228_wanner,582039,-	1	1	1.67494	1.67494	1.67494
TSS_17008_storz,4360088,-	1	1	1.41436	1.41436	1.41436
TSS_13507_storz,3490385,-	1	1	1.15951	1.15951	1.15951
TSS_2180_storz,570527,-	1	1	0.998257	0.998257	0.998257
TSS_9197_storz,2432036,-	1	1	3.96395	3.96395	3.96395
TSS_6907_regulondb,1800723,-	1	1	4.32245	4.32245	4.32245
TSS_9981_wanner,2651476,-	1	1	5.47447	5.47447	5.47447
TSS_3146_regulondb,815915,-	1	1	1.17012	1.17012	1.17012
TSS_3548_regulondb,925642,-	1	1	5.69792	5.69792	5.69792
TSS_3437_regulondb,899828,-	1	1	1.12856	1.12856	1.12856
TSS_6512_regulondb,1697252,-	1	1	2.12981	2.12981	2.12981
TSS_6309_regulondb,1645900,-	1	1	2.10836	2.10836	2.10836
TSS_8196_storz,2140289,-	1	1	1.18361	1.18361	1.18361
TSS_7499_storz_regulondb,1948641,-	1	1	1.88071	1.88071	1.88071
TSS_13412_storz_regulondb,3469746,-	1	1	1.79568	1.79568	1.79568
TSS_16227_regulondb,4158825,-	1	1	2.01685	2.01685	2.01685
TSS_6994_storz,1823864,-	1	1	1.66996	1.66996	1.66996
TSS_2067_storz,527510,-	1	1	4.22134	4.22134	4.22134
TSS_12097_storz,3188460,-	1	1	1.03465	1.03465	1.03465
TSS_8138_regulondb,2111250,-	1	1	1.89742	1.89742	1.89742
TSS_15382_wanner,3958002,-	1	1	2.51852	2.51852	2.51852
TSS_1214_storz_wanner_regulondb,289564,-	1	1	2.27775	2.27775	2.27775
TSS_10968_regulondb,2909377,-	1	1	1.13729	1.13729	1.13729
TSS_4538_regulondb,1173201,-	1	1	1.53691	1.53691	1.53691
TSS_16839_regulondb,4311034,-	1	1	6.11514	6.11514	6.11514
TSS_14743_storz,3804736,-	1	1	1.47239	1.47239	1.47239
TSS_3823_wanner_regulondb,984966,-	1	1	2.27865	2.27865	2.27865
TSS_4609_storz_wanner_regulondb,1193024,-	1	1	2.33401	2.33401	2.33401
TSS_4752_wanner_regulondb,1225362,-	1	1	3.49234	3.49234	3.49234
TSS_13008_regulondb,3399098,-	1	1	1.31816	1.31816	1.31816
TSS_7881_regulondb,2057746,-	1	1	1.50292	1.50292	1.50292
TSS_9384_storz,2483875,-	1	1	1.88556	1.88556	1.88556
TSS_15558_regulondb,4000898,-	1	1	1.55668	1.55668	1.55668
TSS_10266_regulondb,2723831,-	1	1	4.37056	4.37056	4.37056
TSS_1910_wanner,479724,-	1	1	7.57989	7.57989	7.57989
TSS_13018_storz,3401381,-	1	1	1.19984	1.19984	1.19984
TSS_7543_wanner,1960389,-	1	1	1.14688	1.14688	1.14688
TSS_12610_storz,3319600,-	1	1	2.12597	2.12597	2.12597
TSS_2548_storz_regulondb,663224,-	1	1	1.60549	1.60549	1.60549
TSS_17919_regulondb,4584761,-	1	1	1.58611	1.58611	1.58611
TSS_13634_storz,3524252,-	1	1	4.21049	4.21049	4.21049
TSS_8949_regulondb,2371588,-	1	1	2.87247	2.87247	2.87247
TSS_12635_storz_regulondb,3325000,-	1	1	2.2471	2.2471	2.2471
TSS_17400_regulondb,4447670,-	1	1	2.5127	2.5127	2.5127
TSS_5178_storz,1312978,-	1	1	2.05072	2.05072	2.05072
TSS_3842_wanner,986314,-	1	1	0.931322	0.931322	0.931322
TSS_3542_storz_regulondb,925194,-	1	1	15.8312	15.8312	15.8312
TSS_13506_storz_regulondb,3490357,-	1	1	0.976188	0.976188	0.976188
TSS_7925_storz_regulondb,2065942,-	1	1	2.04942	2.04942	2.04942
TSS_7462_storz,1940670,-	1	1	2.30148	2.30148	2.30148
TSS_2547_regulondb,663190,-	1	1	1.43553	1.43553	1.43553
TSS_7460_storz,1940636,-	1	1	1.57693	1.57693	1.57693
TSS_118_storz_regulondb,20678,-	1	1	1.33327	1.33327	1.33327
TSS_7770_storz,2032044,-	1	1	1.67827	1.67827	1.67827
TSS_13272_storz,3446323,-	1	1	10.7767	10.7767	10.7767
TSS_5148_storz,1307127,-	1	1	1.1195	1.1195	1.1195
TSS_9357_storz,2475644,-	1	1	1.62482	1.62482	1.62482
TSS_3373_wanner,882727,-	1	1	2.18342	2.18342	2.18342
TSS_3212_storz,837438,-	1	1	1.57496	1.57496	1.57496
TSS_13990_storz_wanner_regulondb,3607043,-	1	1	1.30876	1.30876	1.30876
TSS_13271_regulondb,3446241,-	1	1	11.815	11.815	11.815
TSS_13218_regulondb,3440517,-	1	1	4.26184	4.26184	4.26184
TSS_1339_regulondb,317749,-	1	1	1.02308	1.02308	1.02308
TSS_2267_storz,592436,-	1	1	1.10679	1.10679	1.10679
TSS_3400_regulondb,889164,-	1	1	1.53035	1.53035	1.53035
TSS_306_storz_regulondb,75608,-	1	1	1.47121	1.47121	1.47121
TSS_3464_storz,906004,-	1	1	1.58541	1.58541	1.58541
TSS_6088_storz_regulondb,1584688,-	1	1	1.59151	1.59151	1.59151
TSS_574_wanner,136939,-	1	1	2.58208	2.58208	2.58208
TSS_6890_regulondb,1798841,-	1	1	3.27955	3.27955	3.27955
TSS_5574_storz,1423414,-	1	1	1.99639	1.99639	1.99639
TSS_14734_storz,3801118,-	1	1	1.10751	1.10751	1.10751
TSS_3296_regulondb,858323,-	1	1	1.47879	1.47879	1.47879
TSS_17902_storz_regulondb,4577940,-	1	1	1.21355	1.21355	1.21355
TSS_5918_storz,1521118,-	1	1	1.16313	1.16313	1.16313
TSS_3288_wanner,855022,-	1	1	1.27695	1.27695	1.27695
TSS_6638_regulondb,1732142,-	1	1	2.14481	2.14481	2.14481
TSS_15138_storz,3909612,-	1	1	1.00338	1.00338	1.00338
TSS_9509_storz_regulondb,2520585,-	1	1	2.17379	2.17379	2.17379
TSS_7653_wanner,1993426,-	1	1	5.04023	5.04023	5.04023
TSS_2036_regulondb,515047,-	1	1	0.975421	0.975421	0.975421
TSS_16083_wanner_regulondb,4122532,-	1	1	1.76048	1.76048	1.76048
TSS_4660_regulondb,1202147,-	1	1	0.984128	0.984128	0.984128
TSS_6887_regulondb,1798451,-	1	1	1.54534	1.54534	1.54534
TSS_14748_regulondb,3806203,-	1	1	1.28115	1.28115	1.28115
TSS_3286_regulondb,855009,-	1	1	1.13624	1.13624	1.13624
TSS_15845_storz,4059071,-	1	1	1.00847	1.00847	1.00847
TSS_17601_regulondb,4497552,-	1	1	1.70955	1.70955	1.70955
TSS_10344_wanner,2739222,-	1	1	5.52473	5.52473	5.52473
TSS_6419_wanner,1669156,-	1	1	2.47648	2.47648	2.47648
TSS_5684_storz,1464072,-	1	1	1.22272	1.22272	1.22272
TSS_8663_storz,2281967,-	1	1	1.33591	1.33591	1.33591
TSS_12198_wanner,3214528,-	1	1	5.19521	5.19521	5.19521
TSS_2330_wanner,604675,-	1	1	1.36561	1.36561	1.36561
TSS_9109_storz_wanner,2411776,-	1	1	1.45932	1.45932	1.45932
TSS_17452_wanner,4464232,-	1	1	4.86221	4.86221	4.86221
TSS_8102_storz,2103184,-	1	1	4.58141	4.58141	4.58141
TSS_12168_regulondb,3208590,-	1	1	1.77026	1.77026	1.77026
TSS_15801_regulondb,4051833,-	1	1	1.8125	1.8125	1.8125
TSS_2646_storz,688263,-	1	1	5.96808	5.96808	5.96808
TSS_14140_storz_regulondb,3651291,-	1	1	1.77749	1.77749	1.77749
TSS_7303_wanner,1906815,-	1	1	4.81311	4.81311	4.81311
TSS_17479_wanner,4470573,-	1	1	2.22435	2.22435	2.22435
TSS_9329_storz,2466649,-	1	1	1.16714	1.16714	1.16714
TSS_8847_storz,2334805,-	1	1	1.79302	1.79302	1.79302
TSS_1043_storz,238115,-	1	1	1.29574	1.29574	1.29574
TSS_17401_wanner_regulondb,4447709,-	1	1	2.69114	2.69114	2.69114
TSS_17768_storz_regulondb,4537951,-	1	1	4.6818	4.6818	4.6818
TSS_13636_storz_regulondb,3524265,-	1	1	5.37862	5.37862	5.37862
TSS_2609_regulondb,675862,-	1	1	0.466447	0.466447	0.466447
TSS_4585_wanner_regulondb,1187488,-	1	1	1.34383	1.34383	1.34383
TSS_13457_wanner,3475489,-	1	1	1.91347	1.91347	1.91347
TSS_4539_regulondb,1173246,-	1	1	1.78532	1.78532	1.78532
TSS_8533_regulondb,2244951,-	1	1	2.05561	2.05561	2.05561
TSS_12491_regulondb,3296229,-	1	1	1.22944	1.22944	1.22944
TSS_9932_regulondb,2640954,-	1	1	2.23265	2.23265	2.23265
TSS_2841_wanner,741891,-	1	1	1.34509	1.34509	1.34509
TSS_9487_regulondb,2516275,-	1	1	7.34641	7.34641	7.34641
TSS_4655_regulondb,1201436,-	1	1	3.66045	3.66045	3.66045
TSS_661_regulondb,159151,-	1	1	3.04229	3.04229	3.04229
TSS_9138_storz,2417830,-	1	1	2.89692	2.89692	2.89692
TSS_8081_regulondb,2099344,-	1	1	2.15984	2.15984	2.15984
TSS_13450_storz_wanner_regulondb,3474528,-	1	1	2.1419	2.1419	2.1419
TSS_7967_regulondb,2077440,-	1	1	2.75126	2.75126	2.75126
TSS_965_wanner,222713,-	1	1	1.71898	1.71898	1.71898
TSS_3064_storz_regulondb,791304,-	1	1	6.04186	6.04186	6.04186
TSS_8897_wanner,2350472,-	1	1	5.66475	5.66475	5.66475
TSS_17512_storz,4477554,-	1	1	2.31409	2.31409	2.31409
TSS_1323_storz_wanner_regulondb,312509,-	1	1	7.42459	7.42459	7.42459
TSS_15608_regulondb,4010860,-	1	1	1.40787	1.40787	1.40787
TSS_10233_wanner,2716575,-	1	1	2.26716	2.26716	2.26716
TSS_942_regulondb,218831,-	1	1	1.45668	1.45668	1.45668
TSS_13229_regulondb,3441329,-	1	1	1.68676	1.68676	1.68676
TSS_11296_storz,2993751,-	1	1	7.8649	7.8649	7.8649
TSS_6036_storz_wanner,1565318,-	1	1	1.53996	1.53996	1.53996
TSS_17634_storz,4504258,-	1	1	2.39109	2.39109	2.39109
TSS_662_regulondb,159195,-	1	1	3.32735	3.32735	3.32735
TSS_12441_storz,3285876,-	1	1	1.58158	1.58158	1.58158
TSS_714_regulondb,174902,-	1	1	1.22264	1.22264	1.22264
TSS_6908_wanner,1800755,-	1	1	4.49352	4.49352	4.49352
TSS_3701_wanner,955880,-	1	1	1.30864	1.30864	1.30864
TSS_13950_storz,3597817,-	1	1	6.73394	6.73394	6.73394
TSS_12291_regulondb,3242801,-	1	1	2.95816	2.95816	2.95816
TSS_11293_storz,2992835,-	1	1	2.97363	2.97363	2.97363
TSS_947_wanner,220072,-	1	1	1.93243	1.93243	1.93243
TSS_7081_wanner,1852909,-	1	1	4.43341	4.43341	4.43341
TSS_7257_regulondb,1899793,-	1	1	1.46491	1.46491	1.46491
TSS_13542_storz,3497440,-	1	1	1.68944	1.68944	1.68944
TSS_593_wanner,142702,-	1	1	3.27108	3.27108	3.27108
TSS_8224_regulondb,2149100,-	1	1	0.938817	0.938817	0.938817
TSS_8752_storz,2306662,-	1	1	1.55838	1.55838	1.55838
TSS_4395_wanner,1143984,-	1	1	5.71997	5.71997	5.71997
TSS_8643_regulondb,2276299,-	1	1	2.81883	2.81883	2.81883
TSS_5238_storz,1327165,-	1	1	1.54778	1.54778	1.54778
TSS_11851_regulondb,3134425,-	1	1	1.20464	1.20464	1.20464
TSS_9832_storz_regulondb,2616827,-	1	1	1.4623	1.4623	1.4623
TSS_10286_regulondb,2729294,-	1	1	7.64905	7.64905	7.64905
TSS_3102_storz,801101,-	1	1	1.02547	1.02547	1.02547
TSS_6640_regulondb,1732184,-	1	1	2.36656	2.36656	2.36656
TSS_6285_wanner,1640445,-	1	1	6.13678	6.13678	6.13678
TSS_4959_storz,1275653,-	1	1	1.74838	1.74838	1.74838
TSS_7547_storz,1964239,-	1	1	4.70061	4.70061	4.70061
TSS_15677_storz,4022866,-	1	1	1.41757	1.41757	1.41757
TSS_6152_storz,1607070,-	1	1	0.930682	0.930682	0.930682
TSS_6305_wanner,1645142,-	1	1	1.62719	1.62719	1.62719
TSS_4935_storz,1271151,-	1	1	2.33291	2.33291	2.33291
TSS_15082_storz_wanner,3894661,-	1	1	1.12079	1.12079	1.12079
TSS_2451_wanner,641125,-	1	1	1.68961	1.68961	1.68961
TSS_3959_wanner,1017546,-	1	1	1.49678	1.49678	1.49678
TSS_8760_storz,2309578,-	1	1	1.48289	1.48289	1.48289
TSS_3549_wanner,925701,-	1	1	6.47959	6.47959	6.47959
TSS_1912_storz,479854,-	1	1	0.829756	0.829756	0.829756
TSS_1408_storz,343226,-	1	1	1.86558	1.86558	1.86558
TSS_15137_wanner_regulondb,3909591,-	1	1	0.993941	0.993941	0.993941
TSS_12093_storz,3187767,-	1	1	0.815278	0.815278	0.815278
TSS_7052_regulondb,1846724,-	1	1	1.99079	1.99079	1.99079
TSS_10132_storz,2695903,-	1	1	1.29374	1.29374	1.29374
TSS_15367_wanner,3955886,-	1	1	1.17108	1.17108	1.17108
TSS_2528_wanner,659513,-	1	1	2.40537	2.40537	2.40537
TSS_8931_regulondb,2363776,-	1	1	1.9469	1.9469	1.9469
TSS_2544_regulondb,661927,-	1	1	7.0569	7.0569	7.0569
TSS_18002_regulondb,4604455,-	1	1	47.0832	47.0832	47.0832
TSS_2418_storz,636947,-	1	1	5.01574	5.01574	5.01574
TSS_15925_wanner,4083984,-	1	1	2.96654	2.96654	2.96654
TSS_3859_storz,989670,-	1	1	2.37393	2.37393	2.37393
TSS_4480_storz,1156880,-	1	1	4.91464	4.91464	4.91464
TSS_7922_regulondb,2065522,-	1	1	1.79531	1.79531	1.79531
TSS_7541_storz,1960055,-	1	1	1.26323	1.26323	1.26323
TSS_16982_wanner,4352758,-	1	1	1.32745	1.32745	1.32745
TSS_255_storz,58726,-	1	1	2.25216	2.25216	2.25216
TSS_17513_regulondb,4477576,-	1	1	2.3725	2.3725	2.3725
TSS_12431_storz,3282135,-	1	1	2.02828	2.02828	2.02828
TSS_14201_wanner,3662644,-	1	1	2.87561	2.87561	2.87561
TSS_13689_regulondb,3534729,-	1	1	1.25124	1.25124	1.25124
TSS_14919_wanner,3848767,-	1	1	1.02738	1.02738	1.02738
TSS_14452_regulondb,3723332,-	1	1	1.2151	1.2151	1.2151
TSS_8021_storz_regulondb,2087755,-	1	1	2.70987	2.70987	2.70987
TSS_17984_storz_regulondb,4601057,-	1	1	1.10977	1.10977	1.10977
TSS_2655_regulondb,691100,-	1	1	1.98017	1.98017	1.98017
TSS_4878_wanner,1257764,-	1	1	1.38344	1.38344	1.38344
TSS_9227_wanner,2439662,-	1	1	5.12611	5.12611	5.12611
TSS_5566_wanner,1421745,-	1	1	0.412797	0.412797	0.412797
TSS_3543_storz,925229,-	1	1	15.8312	15.8312	15.8312
TSS_12216_wanner,3219276,-	1	1	1.91797	1.91797	1.91797
TSS_17470_regulondb,4468964,-	1	1	1.54583	1.54583	1.54583
TSS_4599_regulondb,1189706,-	1	1	2.18781	2.18781	2.18781
TSS_10906_storz,2898384,-	1	1	0.95566	0.95566	0.95566
TSS_3995_regulondb,1023588,-	1	1	1.31574	1.31574	1.31574
TSS_9413_storz,2493303,-	1	1	1.71285	1.71285	1.71285
TSS_7051_regulondb,1846048,-	1	1	1.55032	1.55032	1.55032
TSS_4577_storz_wanner,1184883,-	1	1	2.14318	2.14318	2.14318
TSS_14417_wanner,3717119,-	1	1	1.37606	1.37606	1.37606
TSS_8920_storz,2362338,-	1	1	1.086	1.086	1.086
TSS_8769_wanner,2310849,-	1	1	7.09361	7.09361	7.09361
TSS_6277_wanner,1639738,-	1	1	7.64032	7.64032	7.64032
TSS_14137_storz,3649271,-	1	1	2.33354	2.33354	2.33354
TSS_17151_regulondb,4389589,-	1	1	1.29532	1.29532	1.29532
TSS_10578_regulondb,2796600,-	1	1	6.74671	6.74671	6.74671
TSS_9047_storz,2403219,-	1	1	7.73986	7.73986	7.73986
TSS_5427_storz_regulondb,1388705,-	1	1	1.4135	1.4135	1.4135
TSS_4991_storz_wanner_regulondb,1286888,-	1	1	31.3448	31.3448	31.3448
TSS_11444_regulondb,3034274,-	1	1	1.29631	1.29631	1.29631
TSS_3225_regulondb,840871,-	1	1	2.36135	2.36135	2.36135
TSS_3972_regulondb,1019407,-	1	1	5.89337	5.89337	5.89337
TSS_17810_storz_regulondb,4549357,-	1	1	1.63093	1.63093	1.63093
TSS_16431_wanner,4188509,-	1	1	5.21322	5.21322	5.21322
TSS_1338_regulondb,317708,-	1	1	1.00299	1.00299	1.00299
TSS_1371_wanner,328584,-	1	1	2.30003	2.30003	2.30003
TSS_4874_storz,1257104,-	1	1	2.07165	2.07165	2.07165
TSS_7965_regulondb,2077365,-	1	1	2.70286	2.70286	2.70286
TSS_11502_wanner,3053494,-	1	1	1.73952	1.73952	1.73952
TSS_10163_regulondb,2702205,-	1	1	1.4798	1.4798	1.4798
TSS_11292_storz,2992476,-	1	1	1.73322	1.73322	1.73322
TSS_12015_storz_regulondb,3173667,-	1	1	1.32055	1.32055	1.32055
TSS_7409_wanner,1931129,-	1	1	1.10599	1.10599	1.10599
TSS_4787_wanner,1233987,-	1	1	1.60788	1.60788	1.60788
TSS_17515_regulondb,4477590,-	1	1	2.4614	2.4614	2.4614
TSS_2892_regulondb,753990,-	1	1	11.652	11.652	11.652
TSS_10056_regulondb,2666986,-	1	1	2.20502	2.20502	2.20502
TSS_16200_regulondb,4151144,-	1	1	1.58616	1.58616	1.58616
TSS_6291_storz,1642654,-	1	1	1.25362	1.25362	1.25362
TSS_2687_regulondb,696386,-	1	1	29.2599	29.2599	29.2599
TSS_3185_storz_wanner_regulondb,829893,-	1	1	1.63918	1.63918	1.63918
TSS_17116_regulondb,4380332,-	1	1	1.20888	1.20888	1.20888
TSS_1365_storz,324504,-	1	1	2.98594	2.98594	2.98594
TSS_8064_regulondb,2096334,-	1	1	5.18141	5.18141	5.18141
TSS_17270_wanner,4414786,-	1	1	1.32236	1.32236	1.32236
TSS_4025_regulondb,1030666,-	1	1	2.46673	2.46673	2.46673
TSS_10554_storz,2786304,-	1	1	1.22735	1.22735	1.22735
TSS_6854_wanner,1790179,-	1	1	2.75602	2.75602	2.75602
TSS_8110_storz,2104947,-	1	1	2.02573	2.02573	2.02573
TSS_7294_storz_wanner_regulondb,1905641,-	1	1	8.92703	8.92703	8.92703
TSS_9464_wanner,2510874,-	1	1	1.45186	1.45186	1.45186
TSS_12246_storz_regulondb,3232502,-	1	1	0.955772	0.955772	0.955772
TSS_8589_storz_wanner_regulondb,2261616,-	1	1	10.9531	10.9531	10.9531
TSS_1914_storz_wanner,480104,-	1	1	5.24272	5.24272	5.24272
TSS_10026_regulondb,2661327,-	1	1	1.51708	1.51708	1.51708
TSS_5930_wanner,1524117,-	1	1	1.03282	1.03282	1.03282
TSS_8085_storz,2099637,-	1	1	1.13854	1.13854	1.13854
TSS_7569_wanner,1976418,-	1	1	7.87063	7.87063	7.87063
TSS_16101_storz_wanner_regulondb,4126552,-	1	1	1.13671	1.13671	1.13671
TSS_9252_wanner,2446493,-	1	1	1.55454	1.55454	1.55454
TSS_1019_storz_regulondb,233980,-	1	1	4.37565	4.37565	4.37565
TSS_5032_regulondb,1292165,-	1	1	12.3566	12.3566	12.3566
TSS_2182_storz,570642,-	1	1	1.18422	1.18422	1.18422
TSS_6749_storz,1755392,-	1	1	1.31597	1.31597	1.31597
TSS_7688_storz_regulondb,2001699,-	1	1	7.6762	7.6762	7.6762
TSS_4275_wanner,1108345,-	1	1	1.49542	1.49542	1.49542
TSS_14142_storz,3651718,-	1	1	1.05083	1.05083	1.05083
TSS_4597_regulondb,1189693,-	1	1	2.143	2.143	2.143
TSS_4526_regulondb,1168067,-	1	1	1.30745	1.30745	1.30745
TSS_4633_wanner,1197500,-	1	1	4.20508	4.20508	4.20508
TSS_9893_regulondb,2632092,-	1	1	3.49191	3.49191	3.49191
TSS_14924_storz_wanner_regulondb,3851039,-	1	1	6.00639	6.00639	6.00639
TSS_15555_storz,4000565,-	1	1	1.07688	1.07688	1.07688
TSS_15154_regulondb,3913241,-	1	1	1.04851	1.04851	1.04851
TSS_9334_regulondb,2468671,-	1	1	2.27671	2.27671	2.27671
TSS_12683_storz_wanner,3331538,-	1	1	6.77193	6.77193	6.77193
TSS_10218_storz,2713408,-	1	1	1.79422	1.79422	1.79422
TSS_5704_storz_regulondb,1468785,-	1	1	1.37891	1.37891	1.37891
TSS_15783_wanner,4048816,-	1	1	1.17969	1.17969	1.17969
TSS_1308_storz,310615,-	1	1	1.91075	1.91075	1.91075
TSS_4636_storz,1197873,-	1	1	0.842872	0.842872	0.842872
TSS_17415_wanner,4453668,-	1	1	1.39738	1.39738	1.39738
TSS_4654_wanner_regulondb,1201407,-	1	1	5.25482	5.25482	5.25482
TSS_1233_storz,292110,-	1	1	1.73538	1.73538	1.73538
TSS_14925_storz_regulondb,3851215,-	1	1	3.57768	3.57768	3.57768
TSS_8311_regulondb,2175250,-	1	1	4.05788	4.05788	4.05788
TSS_17349_storz,4436145,-	1	1	0.794522	0.794522	0.794522
TSS_10319_wanner,2734995,-	1	1	2.70537	2.70537	2.70537
TSS_9331_storz,2466939,-	1	1	1.07315	1.07315	1.07315
TSS_8785_storz,2313663,-	1	1	1.52112	1.52112	1.52112
TSS_6909_storz,1800989,-	1	1	2.08712	2.08712	2.08712
TSS_716_regulondb,174941,-	1	1	1.40433	1.40433	1.40433
TSS_5600_storz,1432629,-	1	1	3.49992	3.49992	3.49992
TSS_6101_storz,1588175,-	1	1	12.327	12.327	12.327
TSS_15559_storz,4000971,-	1	1	2.14945	2.14945	2.14945
TSS_10692_regulondb,2830329,-	1	1	0.982092	0.982092	0.982092
TSS_1523_regulondb,384054,-	1	1	6.46504	6.46504	6.46504
TSS_6275_storz,1639607,-	1	1	0.933753	0.933753	0.933753
TSS_6664_regulondb,1737833,-	1	1	1.24861	1.24861	1.24861
TSS_9172_storz,2426672,-	1	1	2.14437	2.14437	2.14437
TSS_12386_storz,3266745,-	1	1	1.53249	1.53249	1.53249
TSS_7951_storz,2072795,-	1	1	1.32325	1.32325	1.32325
TSS_4191_storz,1091744,-	1	1	5.227	5.227	5.227
TSS_7307_regulondb,1908149,-	1	1	2.26968	2.26968	2.26968
TSS_16903_regulondb,4336065,-	1	1	2.50183	2.50183	2.50183
TSS_17824_storz,4556276,-	1	1	1.12735	1.12735	1.12735
TSS_11961_storz,3161588,-	1	1	1.43755	1.43755	1.43755
TSS_1247_storz_wanner_regulondb,294844,-	1	1	10.1698	10.1698	10.1698
TSS_15765_regulondb,4044675,-	1	1	0.889059	0.889059	0.889059
TSS_8753_wanner,2306689,-	1	1	1.81023	1.81023	1.81023
TSS_15800_wanner_regulondb,4051800,-	1	1	0.821048	0.821048	0.821048
TSS_12718_storz_wanner,3338265,-	1	1	1.53804	1.53804	1.53804
TSS_6284_storz,1640350,-	1	1	1.92564	1.92564	1.92564
TSS_2645_storz_regulondb,688227,-	1	1	7.33079	7.33079	7.33079
TSS_2535_regulondb,660609,-	1	1	2.59811	2.59811	2.59811
TSS_12653_storz,3326162,-	1	1	2.41269	2.41269	2.41269
TSS_16952_storz_regulondb,4347114,-	1	1	2.36043	2.36043	2.36043
TSS_1493_storz,379124,-	1	0	0	0	0
TSS_14213_regulondb,3663862,-	1	1	4.29845	4.29845	4.29845
TSS_14139_storz,3651248,-	1	1	1.69877	1.69877	1.69877
TSS_2203_storz_wanner_regulondb,576093,-	1	1	12.4344	12.4344	12.4344
TSS_10192_storz,2708187,-	1	1	5.81295	5.81295	5.81295
TSS_12609_storz,3319560,-	1	1	0.983393	0.983393	0.983393
TSS_2933_regulondb,765149,-	1	1	3.29247	3.29247	3.29247
TSS_11188_wanner,2967008,-	1	1	2.4599	2.4599	2.4599
TSS_3385_storz_wanner,886587,-	1	1	1.84071	1.84071	1.84071
TSS_6598_wanner,1718919,-	1	1	2.07918	2.07918	2.07918
TSS_2360_regulondb,611890,-	1	1	1.10126	1.10126	1.10126
TSS_15764_storz_wanner,4044649,-	1	1	0.913938	0.913938	0.913938
TSS_4218_storz_regulondb,1096875,-	1	1	8.92665	8.92665	8.92665
TSS_17669_storz,4516286,-	1	1	1.09158	1.09158	1.09158
TSS_1128_storz,262242,-	1	1	3.34369	3.34369	3.34369
TSS_4322_regulondb,1120281,-	1	1	4.52894	4.52894	4.52894
TSS_14144_storz,3651968,-	1	1	7.77648	7.77648	7.77648
TSS_2694_wanner,698444,-	1	1	1.69514	1.69514	1.69514
TSS_5943_storz,1528452,-	1	1	18.4904	18.4904	18.4904
TSS_12896_wanner,3375587,-	1	1	3.24808	3.24808	3.24808
TSS_4152_wanner,1078144,-	1	1	4.60164	4.60164	4.60164
TSS_16249_storz_regulondb,4161318,-	1	1	1.65529	1.65529	1.65529
TSS_6696_storz,1744186,-	1	1	1.46802	1.46802	1.46802
TSS_13327_regulondb,3453517,-	1	0	0	0	0
TSS_5474_wanner,1397575,-	1	1	4.30456	4.30456	4.30456
TSS_3135_storz,812635,-	1	1	1.0963	1.0963	1.0963
TSS_4813_storz,1243778,-	1	1	3.35448	3.35448	3.35448
TSS_4688_regulondb,1211313,-	1	0	0	0	0
TSS_17286_regulondb,4417698,-	1	1	1.93212	1.93212	1.93212
TSS_5243_regulondb,1328708,-	1	1	2.46806	2.46806	2.46806
TSS_12942_regulondb,3382492,-	1	1	3.08035	3.08035	3.08035
TSS_5369_wanner,1358990,-	1	1	5.92998	5.92998	5.92998
TSS_9843_wanner,2618930,-	1	1	2.38461	2.38461	2.38461
TSS_9876_storz,2627159,-	1	1	1.26364	1.26364	1.26364
TSS_6208_wanner,1621900,-	1	1	1.48101	1.48101	1.48101
TSS_16078_storz,4121393,-	1	1	1.38775	1.38775	1.38775
TSS_14727_regulondb,3799159,-	1	1	0.921412	0.921412	0.921412
TSS_7712_storz,2010078,-	1	1	2.40448	2.40448	2.40448
TSS_8357_regulondb,2192197,-	1	1	1.64319	1.64319	1.64319
TSS_10265_regulondb,2723782,-	1	1	2.78537	2.78537	2.78537
TSS_9276_storz,2454045,-	1	1	16.3307	16.3307	16.3307
TSS_6431_wanner,1671801,-	1	1	7.83183	7.83183	7.83183
TSS_16577_wanner,4231543,-	1	1	2.21639	2.21639	2.21639
TSS_17011_regulondb,4360650,-	1	1	1.04893	1.04893	1.04893
TSS_13953_storz_regulondb,3598872,-	1	1	4.6651	4.6651	4.6651
TSS_7766_regulondb,2031473,-	1	1	0.990715	0.990715	0.990715
TSS_2893_wanner,754018,-	1	1	11.4502	11.4502	11.4502
TSS_17779_storz,4540717,-	1	1	11.7426	11.7426	11.7426
TSS_10224_regulondb,2714492,-	1	1	1.59893	1.59893	1.59893
TSS_12061_storz,3181643,-	1	1	1.15421	1.15421	1.15421
TSS_7767_storz,2031495,-	1	1	0.999747	0.999747	0.999747
TSS_9934_storz,2641026,-	1	1	2.43275	2.43275	2.43275
TSS_10648_regulondb,2816667,-	1	1	8.10686	8.10686	8.10686
TSS_8774_storz,2311282,-	1	1	1.87464	1.87464	1.87464
TSS_14063_storz,3630607,-	1	1	2.14929	2.14929	2.14929
TSS_5892_regulondb,1515233,-	1	1	1.1224	1.1224	1.1224
TSS_6727_wanner,1753188,-	1	1	1.59211	1.59211	1.59211
TSS_9046_regulondb,2403184,-	1	1	6.03057	6.03057	6.03057
TSS_17007_storz,4359983,-	1	1	1.12052	1.12052	1.12052
TSS_10579_storz,2796666,-	1	1	4.72389	4.72389	4.72389
TSS_1533_storz,390120,-	1	1	1.02517	1.02517	1.02517
TSS_15024_regulondb,3878163,-	1	1	1.2766	1.2766	1.2766
TSS_2564_storz,668447,-	1	1	2.81829	2.81829	2.81829
TSS_10923_storz,2902483,-	1	1	2.33743	2.33743	2.33743
TSS_8309_regulondb,2175222,-	1	1	1.65139	1.65139	1.65139
TSS_4118_storz_regulondb,1063260,-	1	1	3.22964	3.22964	3.22964
TSS_16764_storz,4280000,-	1	1	0.874462	0.874462	0.874462
