TSS_11125_storz_regulondb,2945404,+	1	1	3.13185	3.13185	3.13185
TSS_8997_regulondb,2386595,+	1	1	2.59679	2.59679	2.59679
TSS_2720_regulondb,703051,+	1	1	2.21637	2.21637	2.21637
TSS_9576_regulondb,2533718,+	1	1	1.04204	1.04204	1.04204
TSS_2177_storz,568494,+	1	1	1.57859	1.57859	1.57859
TSS_16095_storz,4124975,+	1	1	3.15506	3.15506	3.15506
TSS_1353_regulondb,320705,+	1	1	2.71161	2.71161	2.71161
TSS_1200_regulondb,281476,+	1	1	3.93606	3.93606	3.93606
TSS_4753_storz_regulondb,1225387,+	1	1	1.38137	1.38137	1.38137
TSS_13474_storz,3479296,+	1	1	1.31151	1.31151	1.31151
TSS_4796_storz,1236731,+	1	1	7.15158	7.15158	7.15158
TSS_7355_storz,1921078,+	1	1	8.22134	8.22134	8.22134
TSS_6587_regulondb,1717772,+	1	1	3.99816	3.99816	3.99816
TSS_1861_storz,467628,+	1	1	1.12003	1.12003	1.12003
TSS_1960_storz,490530,+	1	1	2.41728	2.41728	2.41728
TSS_10870_storz,2885375,+	1	1	2.66533	2.66533	2.66533
TSS_16689_storz,4261162,+	1	1	5.72348	5.72348	5.72348
TSS_41_regulondb,8191,+	1	1	3.4538	3.4538	3.4538
TSS_9571_storz_regulondb,2533474,+	1	1	1.86708	1.86708	1.86708
TSS_16341_regulondb,4176414,+	1	1	4.61577	4.61577	4.61577
TSS_1329_storz,315616,+	1	1	1.0929	1.0929	1.0929
TSS_5594_storz,1431202,+	1	1	1.76145	1.76145	1.76145
TSS_16281_storz,4165927,+	1	1	1.98302	1.98302	1.98302
TSS_5860_regulondb,1504174,+	1	1	1.38788	1.38788	1.38788
TSS_4063_storz,1049040,+	1	1	1.3109	1.3109	1.3109
TSS_7768_regulondb,2031673,+	1	1	0.822092	0.822092	0.822092
TSS_5921_wanner,1521219,+	1	1	2.27167	2.27167	2.27167
TSS_4901_storz_regulondb,1262898,+	1	1	1.50331	1.50331	1.50331
TSS_17725_storz_regulondb,4525999,+	1	1	2.32741	2.32741	2.32741
TSS_14169_regulondb,3656265,+	1	1	1.34954	1.34954	1.34954
TSS_10469_regulondb,2764729,+	1	1	1.62133	1.62133	1.62133
TSS_5036_storz,1292772,+	1	1	1.30527	1.30527	1.30527
TSS_11503_regulondb,3053509,+	1	1	2.44137	2.44137	2.44137
TSS_3003_storz_wanner,779735,+	1	1	1.65147	1.65147	1.65147
TSS_5391_regulondb,1368209,+	1	1	3.84766	3.84766	3.84766
TSS_16866_storz,4324956,+	1	1	7.41959	7.41959	7.41959
TSS_1650_storz_regulondb,418643,+	1	1	4.07281	4.07281	4.07281
TSS_15560_storz,4000981,+	1	1	2.23374	2.23374	2.23374
TSS_3526_storz,922271,+	1	1	3.0291	3.0291	3.0291
TSS_8264_storz_wanner_regulondb,2165138,+	1	1	6.59324	6.59324	6.59324
TSS_896_regulondb,208411,+	1	1	3.11421	3.11421	3.11421
TSS_5227_storz,1324724,+	1	1	2.06687	2.06687	2.06687
TSS_5361_storz,1355811,+	1	1	0.920962	0.920962	0.920962
TSS_11774_storz_wanner,3108325,+	1	1	4.54733	4.54733	4.54733
TSS_7826_storz,2042562,+	1	1	5.1037	5.1037	5.1037
TSS_8479_regulondb,2229841,+	1	1	4.31441	4.31441	4.31441
TSS_1884_regulondb,475672,+	1	1	4.94308	4.94308	4.94308
TSS_14817_regulondb,3820100,+	1	1	1.75888	1.75888	1.75888
TSS_5758_storz_wanner,1485192,+	1	1	1.14362	1.14362	1.14362
TSS_8229_storz,2151648,+	1	1	3.77222	3.77222	3.77222
TSS_17055_regulondb,4368671,+	1	1	6.85446	6.85446	6.85446
TSS_3916_storz_regulondb,1006895,+	1	1	2.42996	2.42996	2.42996
TSS_1808_regulondb,455775,+	1	1	4.86575	4.86575	4.86575
TSS_17318_storz,4427700,+	1	1	2.14322	2.14322	2.14322
TSS_13509_regulondb,3490541,+	1	1	1.2692	1.2692	1.2692
TSS_16690_storz,4261189,+	1	1	5.01044	5.01044	5.01044
TSS_1976_regulondb,494299,+	1	1	4.47563	4.47563	4.47563
TSS_10420_storz_wanner_regulondb,2753608,+	1	1	1.66955	1.66955	1.66955
TSS_13563_storz,3505530,+	1	1	1.10185	1.10185	1.10185
TSS_16649_storz,4250505,+	1	1	1.9206	1.9206	1.9206
TSS_13740_storz_regulondb,3544427,+	1	1	4.57123	4.57123	4.57123
TSS_3330_regulondb,872192,+	1	1	1.82643	1.82643	1.82643
TSS_69_regulondb,12142,+	1	1	2.30691	2.30691	2.30691
TSS_556_regulondb,131564,+	1	1	3.48816	3.48816	3.48816
TSS_7044_storz,1842532,+	1	1	0.8036	0.8036	0.8036
TSS_8201_storz,2141228,+	1	1	1.39538	1.39538	1.39538
TSS_2812_storz_wanner,732683,+	1	1	1.45138	1.45138	1.45138
TSS_9216_storz,2435931,+	1	1	1.33778	1.33778	1.33778
TSS_7346_regulondb,1920108,+	1	1	1.44303	1.44303	1.44303
TSS_8230_storz_regulondb,2151670,+	1	1	3.85676	3.85676	3.85676
TSS_7769_storz,2031702,+	1	1	0.794376	0.794376	0.794376
TSS_14009_storz,3610962,+	1	1	1.42865	1.42865	1.42865
TSS_11504_regulondb,3053573,+	1	1	2.85398	2.85398	2.85398
TSS_8116_storz,2105544,+	1	1	1.68547	1.68547	1.68547
TSS_8598_regulondb,2263450,+	1	1	1.78744	1.78744	1.78744
TSS_11197_regulondb,2968414,+	1	1	1.14305	1.14305	1.14305
TSS_6315_regulondb,1646460,+	1	1	1.2977	1.2977	1.2977
TSS_819_storz,194764,+	1	1	3.04205	3.04205	3.04205
TSS_14641_storz,3779222,+	1	1	1.3041	1.3041	1.3041
TSS_14085_storz_regulondb,3635635,+	1	1	1.95555	1.95555	1.95555
TSS_3806_regulondb,982244,+	1	1	4.162	4.162	4.162
TSS_9658_storz,2555328,+	1	1	3.27741	3.27741	3.27741
TSS_15419_regulondb,3964269,+	1	1	0.720885	0.720885	0.720885
TSS_4809_wanner,1242352,+	1	1	1.86902	1.86902	1.86902
TSS_17080_storz_regulondb,4373678,+	1	1	1.97953	1.97953	1.97953
TSS_13029_storz,3402868,+	1	1	1.13083	1.13083	1.13083
TSS_9318_regulondb,2464535,+	1	1	2.17529	2.17529	2.17529
TSS_15825_storz_regulondb,4056403,+	1	1	1.46618	1.46618	1.46618
TSS_113_storz,19831,+	1	1	1.24651	1.24651	1.24651
TSS_4351_storz_regulondb,1127006,+	1	1	1.52502	1.52502	1.52502
TSS_3907_regulondb,1005073,+	1	1	5.61379	5.61379	5.61379
TSS_17417_storz_regulondb,4453783,+	1	1	0.967323	0.967323	0.967323
TSS_1562_regulondb,395604,+	1	1	1.19316	1.19316	1.19316
TSS_16342_regulondb,4176463,+	1	1	4.09517	4.09517	4.09517
TSS_1730_regulondb,435805,+	1	1	1.49996	1.49996	1.49996
TSS_159_storz_regulondb,29551,+	1	1	3.27545	3.27545	3.27545
TSS_1833_storz_wanner_regulondb,460556,+	1	1	3.69106	3.69106	3.69106
TSS_10678_storz_regulondb,2823813,+	1	1	4.56149	4.56149	4.56149
TSS_2232_storz,582439,+	1	1	1.89987	1.89987	1.89987
TSS_1941_storz,485713,+	1	1	1.30331	1.30331	1.30331
TSS_17056_regulondb,4368715,+	1	1	3.73703	3.73703	3.73703
TSS_631_storz,150548,+	1	1	3.68829	3.68829	3.68829
TSS_3541_storz,924979,+	1	1	1.31744	1.31744	1.31744
TSS_14741_storz,3804023,+	1	1	1.21085	1.21085	1.21085
TSS_15824_storz,4056376,+	1	1	1.54893	1.54893	1.54893
TSS_3397_storz,889099,+	1	1	2.61031	2.61031	2.61031
TSS_5898_regulondb,1515634,+	1	1	2.73128	2.73128	2.73128
TSS_16491_storz,4205882,+	1	1	9.80099	9.80099	9.80099
TSS_9663_storz,2556797,+	1	1	1.46073	1.46073	1.46073
TSS_5307_storz_regulondb,1339894,+	1	1	1.35425	1.35425	1.35425
TSS_380_regulondb,87969,+	1	1	2.02661	2.02661	2.02661
TSS_1038_storz_wanner,236910,+	1	1	4.9973	4.9973	4.9973
TSS_11662_storz_regulondb,3085268,+	1	1	1.48904	1.48904	1.48904
TSS_446_storz,106502,+	1	1	10.0482	10.0482	10.0482
TSS_12921_regulondb,3378182,+	1	1	2.75527	2.75527	2.75527
TSS_3980_storz_regulondb,1020306,+	1	1	2.29335	2.29335	2.29335
TSS_14327_storz_regulondb,3698159,+	1	1	1.72711	1.72711	1.72711
TSS_18010_wanner,4605803,+	1	1	1.58157	1.58157	1.58157
TSS_3759_storz,965868,+	1	1	1.47975	1.47975	1.47975
TSS_8695_storz,2286635,+	1	1	1.06559	1.06559	1.06559
TSS_16103_storz_regulondb,4126658,+	1	1	1.40804	1.40804	1.40804
TSS_5786_regulondb,1490140,+	1	1	1.36375	1.36375	1.36375
TSS_8502_storz,2236365,+	1	1	5.24586	5.24586	5.24586
TSS_6752_regulondb,1755419,+	1	1	4.07753	4.07753	4.07753
TSS_3177_storz,823814,+	1	1	3.4902	3.4902	3.4902
TSS_1126_wanner,262061,+	1	1	9.96741	9.96741	9.96741
TSS_1091_storz_regulondb,251969,+	1	1	2.36915	2.36915	2.36915
TSS_15766_storz_regulondb,4044962,+	1	1	1.49591	1.49591	1.49591
TSS_43_regulondb,8229,+	1	1	3.43691	3.43691	3.43691
TSS_9894_storz_regulondb,2632219,+	1	1	2.90573	2.90573	2.90573
TSS_7340_storz_regulondb,1918220,+	1	1	1.19794	1.19794	1.19794
TSS_3996_regulondb,1023661,+	1	1	1.07546	1.07546	1.07546
TSS_12919_regulondb,3378145,+	1	1	2.7803	2.7803	2.7803
TSS_16337_regulondb,4175352,+	1	1	1.16459	1.16459	1.16459
TSS_15547_regulondb,3999296,+	1	1	3.08463	3.08463	3.08463
TSS_12793_storz_wanner,3352084,+	1	1	2.31167	2.31167	2.31167
TSS_3626_regulondb,945062,+	1	1	1.09752	1.09752	1.09752
TSS_17767_storz,4536943,+	1	1	1.28764	1.28764	1.28764
TSS_5724_storz,1474607,+	1	1	2.13806	2.13806	2.13806
TSS_728_regulondb,176583,+	1	1	1.78856	1.78856	1.78856
TSS_4412_regulondb,1146014,+	1	1	5.10403	5.10403	5.10403
TSS_5875_storz,1507999,+	1	1	2.33826	2.33826	2.33826
TSS_1180_storz,275454,+	1	1	0.823621	0.823621	0.823621
TSS_10030_regulondb,2661427,+	1	1	6.78809	6.78809	6.78809
TSS_8677_storz,2284227,+	1	1	2.54344	2.54344	2.54344
TSS_18016_regulondb,4607367,+	1	1	1.22297	1.22297	1.22297
TSS_14591_storz,3765083,+	1	1	2.02808	2.02808	2.02808
TSS_1118_storz,259461,+	1	1	2.1439	2.1439	2.1439
TSS_14867_storz,3834245,+	1	1	2.92277	2.92277	2.92277
TSS_1436_storz_regulondb,354108,+	1	1	1.04336	1.04336	1.04336
TSS_9101_storz,2411269,+	1	1	2.75841	2.75841	2.75841
TSS_5262_regulondb,1331812,+	1	1	3.4065	3.4065	3.4065
TSS_11684_wanner,3089131,+	1	1	0.905692	0.905692	0.905692
TSS_3726_regulondb,960940,+	1	1	4.95867	4.95867	4.95867
TSS_4909_regulondb,1266404,+	1	1	1.50795	1.50795	1.50795
TSS_12172_regulondb,3208781,+	1	1	4.93948	4.93948	4.93948
TSS_1312_storz,310965,+	1	1	0.907257	0.907257	0.907257
TSS_11779_regulondb,3109247,+	1	1	1.59669	1.59669	1.59669
TSS_5034_storz_regulondb,1292716,+	1	1	1.71641	1.71641	1.71641
TSS_15071_storz,3891871,+	1	1	2.29958	2.29958	2.29958
TSS_12649_storz_regulondb,3325781,+	1	1	1.80009	1.80009	1.80009
TSS_8203_storz,2141248,+	1	1	1.25556	1.25556	1.25556
TSS_14733_storz,3800444,+	1	1	1.19442	1.19442	1.19442
TSS_3723_storz_wanner,960387,+	1	1	1.89643	1.89643	1.89643
TSS_14619_storz,3773122,+	1	1	1.18944	1.18944	1.18944
TSS_3912_storz,1005721,+	1	1	1.2445	1.2445	1.2445
TSS_250_wanner,57327,+	1	1	1.19943	1.19943	1.19943
TSS_10466_storz,2764659,+	1	1	1.95988	1.95988	1.95988
TSS_1689_storz_regulondb,426428,+	1	1	2.0239	2.0239	2.0239
TSS_12311_regulondb,3245665,+	1	1	1.13337	1.13337	1.13337
TSS_12986_storz,3392461,+	1	1	1.33528	1.33528	1.33528
TSS_15721_regulondb,4033439,+	1	1	5.3718	5.3718	5.3718
TSS_8875_regulondb,2342777,+	1	1	2.33548	2.33548	2.33548
TSS_10574_storz_regulondb,2795209,+	1	1	2.57584	2.57584	2.57584
TSS_8856_regulondb,2337561,+	1	1	1.2816	1.2816	1.2816
TSS_13489_storz_regulondb,3483975,+	1	1	3.58002	3.58002	3.58002
TSS_14244_storz,3670379,+	1	1	2.89694	2.89694	2.89694
TSS_1882_regulondb,475623,+	1	1	5.2324	5.2324	5.2324
TSS_2949_storz_regulondb,770393,+	1	1	2.51291	2.51291	2.51291
TSS_6841_regulondb,1786342,+	1	1	1.80329	1.80329	1.80329
TSS_8089_storz,2100989,+	1	1	4.40288	4.40288	4.40288
TSS_17538_storz,4484083,+	1	1	1.73853	1.73853	1.73853
TSS_9228_storz,2439761,+	1	1	1.18581	1.18581	1.18581
TSS_4253_storz,1104426,+	1	1	2.70461	2.70461	2.70461
TSS_6672_regulondb,1739248,+	1	1	1.22229	1.22229	1.22229
TSS_2951_regulondb,770503,+	1	1	2.24101	2.24101	2.24101
TSS_13899_regulondb,3581488,+	1	1	1.22178	1.22178	1.22178
TSS_8623_storz_regulondb,2268700,+	1	1	1.74269	1.74269	1.74269
TSS_14930_storz_regulondb,3851868,+	1	1	1.02757	1.02757	1.02757
TSS_17053_storz_regulondb,4368639,+	1	1	6.85446	6.85446	6.85446
TSS_4721_regulondb,1218160,+	1	0	0	0	0
TSS_15756_regulondb,4042198,+	1	1	1.43566	1.43566	1.43566
TSS_4528_storz_regulondb,1168242,+	1	1	1.5047	1.5047	1.5047
TSS_9356_storz_regulondb,2474398,+	1	1	2.4524	2.4524	2.4524
TSS_17158_storz,4390242,+	1	1	7.28269	7.28269	7.28269
TSS_4923_regulondb,1269079,+	1	1	2.28229	2.28229	2.28229
TSS_10322_regulondb,2735145,+	1	1	5.8377	5.8377	5.8377
TSS_2820_storz,734924,+	1	1	3.48237	3.48237	3.48237
TSS_5666_regulondb,1451889,+	1	1	10.6833	10.6833	10.6833
TSS_12029_storz_regulondb,3176023,+	1	1	2.02345	2.02345	2.02345
TSS_13032_storz,3403194,+	1	1	2.08549	2.08549	2.08549
TSS_6536_storz,1702522,+	1	1	4.62275	4.62275	4.62275
TSS_15425_regulondb,3965751,+	1	1	2.0149	2.0149	2.0149
TSS_6618_regulondb,1724045,+	1	1	3.11382	3.11382	3.11382
TSS_11673_regulondb,3087771,+	1	1	0.986298	0.986298	0.986298
TSS_486_storz_regulondb,113394,+	1	1	2.65591	2.65591	2.65591
TSS_4075_storz_regulondb,1050528,+	1	1	7.25667	7.25667	7.25667
TSS_8020_storz,2087412,+	1	1	0.94716	0.94716	0.94716
TSS_5462_storz,1394073,+	1	1	0.930063	0.930063	0.930063
TSS_4209_storz,1095132,+	1	1	1.48293	1.48293	1.48293
TSS_11658_storz,3084589,+	1	1	1.73943	1.73943	1.73943
TSS_1725_regulondb,433817,+	1	1	2.1397	2.1397	2.1397
TSS_6538_regulondb,1702836,+	1	1	2.31801	2.31801	2.31801
TSS_3807_regulondb,982273,+	1	1	3.65784	3.65784	3.65784
TSS_18071_storz,4622849,+	1	1	1.69155	1.69155	1.69155
TSS_15788_storz_regulondb,4049059,+	1	1	1.89384	1.89384	1.89384
TSS_9145_storz_regulondb,2419321,+	1	1	1.13082	1.13082	1.13082
TSS_2184_storz,571159,+	1	1	1.54889	1.54889	1.54889
TSS_9699_storz,2573530,+	1	1	0.964879	0.964879	0.964879
TSS_9574_storz_regulondb,2533632,+	1	1	1.55115	1.55115	1.55115
TSS_3728_regulondb,961116,+	1	1	2.04135	2.04135	2.04135
TSS_6842_storz_regulondb,1786408,+	1	1	1.74628	1.74628	1.74628
TSS_15472_regulondb,3980382,+	1	1	15.5107	15.5107	15.5107
TSS_5942_regulondb,1528174,+	1	1	2.80524	2.80524	2.80524
TSS_3570_storz_regulondb,931551,+	1	1	3.66567	3.66567	3.66567
TSS_14713_storz,3794997,+	1	1	2.91692	2.91692	2.91692
TSS_1610_regulondb,407372,+	1	1	2.42625	2.42625	2.42625
TSS_18062_storz,4619762,+	1	1	3.30181	3.30181	3.30181
TSS_2762_storz_regulondb,712074,+	1	1	2.61418	2.61418	2.61418
TSS_14643_storz,3779289,+	1	1	1.37261	1.37261	1.37261
TSS_1964_storz,491279,+	1	1	2.19359	2.19359	2.19359
TSS_17287_storz_regulondb,4417950,+	1	1	4.67538	4.67538	4.67538
TSS_633_storz,151806,+	1	1	1.24278	1.24278	1.24278
TSS_3516_storz_regulondb,921583,+	1	1	1.47659	1.47659	1.47659
TSS_17536_storz,4484032,+	1	1	1.79069	1.79069	1.79069
TSS_13031_storz,3403161,+	1	1	2.30399	2.30399	2.30399
TSS_2894_storz,754034,+	1	1	7.8403	7.8403	7.8403
TSS_1883_storz_regulondb,475646,+	1	1	5.02346	5.02346	5.02346
TSS_10501_storz,2771442,+	1	1	1.60763	1.60763	1.60763
TSS_4479_regulondb,1156849,+	1	1	9.48597	9.48597	9.48597
TSS_16833_storz,4309546,+	1	1	1.34239	1.34239	1.34239
TSS_17871_storz,4570183,+	1	1	3.45008	3.45008	3.45008
TSS_866_storz,201715,+	1	1	1.07749	1.07749	1.07749
TSS_5626_storz,1439045,+	1	1	1.74768	1.74768	1.74768
TSS_3580_regulondb,932441,+	1	1	1.50903	1.50903	1.50903
TSS_3902_regulondb,1003955,+	1	1	1.29135	1.29135	1.29135
TSS_16057_regulondb,4116502,+	1	1	1.90251	1.90251	1.90251
TSS_12597_storz,3316552,+	1	1	1.5674	1.5674	1.5674
TSS_6943_regulondb,1809136,+	1	1	0.9462	0.9462	0.9462
TSS_17315_storz,4426930,+	1	1	1.43758	1.43758	1.43758
TSS_17215_regulondb,4402757,+	1	1	4.86587	4.86587	4.86587
TSS_15780_storz,4047920,+	1	1	33.2619	33.2619	33.2619
TSS_10552_storz,2785882,+	1	1	4.66721	4.66721	4.66721
TSS_4401_storz,1145324,+	1	1	1.08576	1.08576	1.08576
TSS_2146_storz,559757,+	1	1	1.54832	1.54832	1.54832
TSS_3627_wanner,945085,+	1	1	1.08307	1.08307	1.08307
TSS_14631_storz_regulondb,3775312,+	1	1	5.8821	5.8821	5.8821
TSS_6467_storz,1680155,+	1	1	2.91763	2.91763	2.91763
TSS_2171_storz,567514,+	1	1	1.64136	1.64136	1.64136
TSS_15898_regulondb,4077119,+	1	1	1.04913	1.04913	1.04913
TSS_16268_storz,4163423,+	1	1	1.21431	1.21431	1.21431
TSS_17901_storz_regulondb,4577858,+	1	1	1.28	1.28	1.28
TSS_4788_storz_regulondb,1234128,+	1	1	2.28056	2.28056	2.28056
TSS_16520_storz,4213418,+	1	1	8.96611	8.96611	8.96611
TSS_4408_storz_regulondb,1145872,+	1	1	3.12001	3.12001	3.12001
TSS_647_storz,155414,+	1	1	1.1713	1.1713	1.1713
TSS_10402_storz_regulondb,2749781,+	1	1	1.94632	1.94632	1.94632
TSS_5846_storz_wanner,1500453,+	1	1	1.12858	1.12858	1.12858
TSS_16696_wanner_regulondb,4262306,+	1	1	1.46956	1.46956	1.46956
TSS_3607_regulondb,938645,+	1	1	1.92126	1.92126	1.92126
TSS_12200_storz_regulondb,3214775,+	1	1	4.25064	4.25064	4.25064
TSS_8392_storz_regulondb,2202424,+	1	1	1.67433	1.67433	1.67433
TSS_16221_storz_wanner_regulondb,4156480,+	1	1	2.57751	2.57751	2.57751
TSS_10616_wanner,2807592,+	1	1	3.03514	3.03514	3.03514
TSS_14696_regulondb,3791958,+	1	1	1.9689	1.9689	1.9689
TSS_1992_wanner,499322,+	1	1	1.57286	1.57286	1.57286
TSS_3266_regulondb,849432,+	1	1	3.0529	3.0529	3.0529
TSS_15699_storz_regulondb,4029153,+	1	1	1.33809	1.33809	1.33809
TSS_378_regulondb,87947,+	1	1	1.85398	1.85398	1.85398
TSS_12717_storz_regulondb,3338233,+	1	1	1.55315	1.55315	1.55315
TSS_15537_storz_regulondb,3995930,+	1	1	1.17401	1.17401	1.17401
TSS_12692_storz,3332978,+	1	1	1.03825	1.03825	1.03825
TSS_11773_regulondb,3107543,+	1	1	0.938125	0.938125	0.938125
TSS_6919_storz,1804453,+	1	1	1.38919	1.38919	1.38919
TSS_7036_regulondb,1840351,+	1	1	3.07348	3.07348	3.07348
TSS_16334_regulondb,4175236,+	1	1	1.46803	1.46803	1.46803
TSS_14956_storz,3858671,+	1	1	0.982269	0.982269	0.982269
TSS_16466_storz_regulondb,4198199,+	1	1	4.89568	4.89568	4.89568
TSS_5764_regulondb,1486214,+	1	1	2.48922	2.48922	2.48922
TSS_13991_regulondb,3607142,+	1	1	1.63901	1.63901	1.63901
TSS_871_regulondb,202110,+	1	1	1.45094	1.45094	1.45094
TSS_4452_storz,1150704,+	1	1	14.0426	14.0426	14.0426
TSS_1410_storz,343717,+	1	1	2.10617	2.10617	2.10617
TSS_15046_storz,3882254,+	1	1	4.30816	4.30816	4.30816
TSS_2378_storz_regulondb,621481,+	1	1	1.29773	1.29773	1.29773
TSS_8619_storz_regulondb,2267942,+	1	1	1.30352	1.30352	1.30352
TSS_4083_storz,1051218,+	1	1	4.78478	4.78478	4.78478
TSS_5146_regulondb,1306785,+	1	1	2.2223	2.2223	2.2223
TSS_3708_storz,956792,+	1	1	2.25895	2.25895	2.25895
TSS_6011_storz,1554497,+	1	1	1.5035	1.5035	1.5035
TSS_6160_storz,1609932,+	1	1	1.7944	1.7944	1.7944
TSS_5873_storz,1507299,+	1	1	1.1929	1.1929	1.1929
TSS_15411_regulondb,3963670,+	1	1	3.36657	3.36657	3.36657
TSS_8226_storz_regulondb,2151335,+	1	1	7.49361	7.49361	7.49361
TSS_9778_storz_regulondb,2597901,+	1	1	1.37072	1.37072	1.37072
TSS_2406_storz_regulondb,632780,+	1	1	1.64205	1.64205	1.64205
TSS_6651_regulondb,1733379,+	1	1	1.90031	1.90031	1.90031
TSS_4196_storz,1092762,+	1	1	3.21812	3.21812	3.21812
TSS_6568_regulondb,1712351,+	1	1	3.60487	3.60487	3.60487
TSS_8366_storz,2195261,+	1	1	1.28018	1.28018	1.28018
TSS_1957_regulondb,490081,+	1	1	1.6603	1.6603	1.6603
TSS_4442_storz_regulondb,1150180,+	1	1	1.69845	1.69845	1.69845
TSS_6175_storz,1614749,+	1	1	1.11887	1.11887	1.11887
TSS_10614_storz_regulondb,2807591,+	1	1	3.08182	3.08182	3.08182
TSS_2680_storz,695887,+	1	1	1.72369	1.72369	1.72369
TSS_15588_storz,4007091,+	1	1	1.49133	1.49133	1.49133
TSS_11040_regulondb,2926057,+	1	1	17.5825	17.5825	17.5825
TSS_3315_storz,865719,+	1	1	1.18395	1.18395	1.18395
TSS_10308_wanner_regulondb,2734093,+	1	1	2.88258	2.88258	2.88258
TSS_3167_storz,820435,+	1	1	1.40726	1.40726	1.40726
TSS_6625_storz,1726343,+	1	1	1.25504	1.25504	1.25504
TSS_858_regulondb,200455,+	1	1	1.93376	1.93376	1.93376
TSS_10197_regulondb,2708379,+	1	1	1.17402	1.17402	1.17402
TSS_7856_regulondb,2051558,+	1	1	1.84172	1.84172	1.84172
TSS_4481_regulondb,1156960,+	1	1	7.3106	7.3106	7.3106
TSS_1735_storz,437386,+	1	1	1.64476	1.64476	1.64476
TSS_5865_regulondb,1504778,+	1	1	1.24317	1.24317	1.24317
TSS_5093_storz,1298939,+	1	1	3.59605	3.59605	3.59605
TSS_6162_storz,1609965,+	1	1	1.51894	1.51894	1.51894
TSS_15970_storz_regulondb,4098782,+	1	1	2.33163	2.33163	2.33163
TSS_7857_storz_regulondb,2051590,+	1	1	2.04354	2.04354	2.04354
TSS_6513_regulondb,1697337,+	1	1	2.88097	2.88097	2.88097
TSS_9408_storz,2491674,+	1	1	1.14007	1.14007	1.14007
TSS_12647_storz,3325752,+	1	1	1.73532	1.73532	1.73532
TSS_1834_regulondb,460615,+	1	1	2.30123	2.30123	2.30123
TSS_3136_storz_regulondb,812685,+	1	1	1.50523	1.50523	1.50523
TSS_5570_storz,1421959,+	1	1	2.65686	2.65686	2.65686
TSS_8111_storz,2104990,+	1	1	1.96119	1.96119	1.96119
TSS_12405_storz,3273229,+	1	1	1.75049	1.75049	1.75049
TSS_10587_storz_regulondb,2798678,+	1	1	1.45048	1.45048	1.45048
TSS_7222_regulondb,1891345,+	1	1	1.68582	1.68582	1.68582
TSS_2739_storz_regulondb,707459,+	1	1	6.56368	6.56368	6.56368
TSS_9070_storz,2405531,+	1	1	0.984784	0.984784	0.984784
TSS_2953_regulondb,770525,+	1	1	2.15382	2.15382	2.15382
TSS_1177_regulondb,274539,+	1	1	1.14344	1.14344	1.14344
TSS_15546_storz_regulondb,3999215,+	1	1	3.42468	3.42468	3.42468
TSS_16683_regulondb,4259681,+	1	1	1.16631	1.16631	1.16631
TSS_160_regulondb,29619,+	1	1	2.05855	2.05855	2.05855
TSS_11647_storz,3082647,+	1	1	1.55788	1.55788	1.55788
TSS_16662_storz,4255070,+	1	1	4.30427	4.30427	4.30427
TSS_17461_storz_regulondb,4465385,+	1	1	3.81004	3.81004	3.81004
TSS_4453_regulondb,1150733,+	1	1	13.4269	13.4269	13.4269
TSS_7584_storz,1977889,+	1	1	0.976456	0.976456	0.976456
TSS_5247_regulondb,1328815,+	1	1	4.53208	4.53208	4.53208
TSS_2176_storz,568278,+	1	1	2.417	2.417	2.417
TSS_4927_regulondb,1269614,+	1	1	2.34888	2.34888	2.34888
TSS_519_storz,122025,+	1	1	5.814	5.814	5.814
TSS_1575_regulondb,398794,+	1	1	2.86745	2.86745	2.86745
TSS_10237_storz_regulondb,2716697,+	1	1	1.31724	1.31724	1.31724
TSS_7942_regulondb,2069341,+	1	1	1.13161	1.13161	1.13161
TSS_1749_regulondb,440692,+	1	1	1.10679	1.10679	1.10679
TSS_17987_storz,4601614,+	1	1	0.80537	0.80537	0.80537
TSS_16317_storz,4173298,+	1	1	11.1557	11.1557	11.1557
TSS_5438_storz_regulondb,1389970,+	1	1	1.36928	1.36928	1.36928
TSS_9214_storz,2435894,+	1	1	1.25684	1.25684	1.25684
TSS_1216_storz,289665,+	1	1	1.97864	1.97864	1.97864
TSS_13623_storz,3520869,+	1	1	1.18117	1.18117	1.18117
TSS_13941_storz,3595895,+	1	1	1.50432	1.50432	1.50432
TSS_9491_storz_regulondb,2516429,+	1	1	2.20701	2.20701	2.20701
TSS_11294_storz,2992883,+	1	1	1.21433	1.21433	1.21433
TSS_8789_storz_regulondb,2313997,+	1	1	1.39056	1.39056	1.39056
TSS_5301_regulondb,1338210,+	1	1	2.95639	2.95639	2.95639
TSS_17295_storz_regulondb,4423048,+	1	1	6.98921	6.98921	6.98921
TSS_10410_storz_regulondb,2751577,+	1	1	3.51351	3.51351	3.51351
TSS_7814_storz,2041114,+	1	1	0.990857	0.990857	0.990857
TSS_6412_regulondb,1667654,+	1	1	1.27328	1.27328	1.27328
TSS_14204_storz,3662696,+	1	1	2.74885	2.74885	2.74885
TSS_17227_regulondb,4404067,+	1	1	2.12859	2.12859	2.12859
TSS_5245_storz_regulondb,1328813,+	1	1	4.53208	4.53208	4.53208
TSS_7151_regulondb,1871568,+	1	1	1.34754	1.34754	1.34754
TSS_1839_regulondb,461043,+	1	1	2.45399	2.45399	2.45399
TSS_298_storz,71292,+	1	1	1.63208	1.63208	1.63208
TSS_12351_storz,3253037,+	1	1	1.6358	1.6358	1.6358
TSS_383_regulondb,89360,+	1	1	1.83604	1.83604	1.83604
TSS_5703_storz,1468549,+	1	1	1.67915	1.67915	1.67915
TSS_8359_storz_regulondb,2192291,+	1	1	2.28596	2.28596	2.28596
TSS_7422_storz_regulondb,1934614,+	1	1	1.34852	1.34852	1.34852
TSS_14329_regulondb,3698421,+	1	1	0.935393	0.935393	0.935393
TSS_16212_storz_regulondb,4152906,+	1	1	1.80013	1.80013	1.80013
TSS_11277_storz,2987141,+	1	1	1.62191	1.62191	1.62191
TSS_5982_storz,1543399,+	1	1	3.71428	3.71428	3.71428
TSS_9066_storz,2405125,+	1	1	1.34447	1.34447	1.34447
TSS_16493_regulondb,4206055,+	1	1	1.21671	1.21671	1.21671
TSS_11512_storz_regulondb,3054873,+	1	1	4.55071	4.55071	4.55071
TSS_14425_regulondb,3717963,+	1	1	5.57549	5.57549	5.57549
TSS_6939_regulondb,1808194,+	1	1	1.0592	1.0592	1.0592
TSS_11698_storz,3093082,+	1	1	1.10465	1.10465	1.10465
TSS_10468_storz,2764701,+	1	1	1.87516	1.87516	1.87516
TSS_5572_regulondb,1423273,+	1	1	0.860059	0.860059	0.860059
TSS_16682_storz_wanner,4259615,+	1	1	1.54624	1.54624	1.54624
TSS_3078_storz,794214,+	1	1	2.10748	2.10748	2.10748
TSS_650_storz,156107,+	1	1	1.655	1.655	1.655
TSS_3137_regulondb,812716,+	1	1	1.44475	1.44475	1.44475
TSS_17121_storz,4380612,+	1	1	1.43499	1.43499	1.43499
TSS_2215_storz,578931,+	1	1	1.63204	1.63204	1.63204
TSS_9552_regulondb,2531520,+	1	1	4.44481	4.44481	4.44481
TSS_4637_storz,1197883,+	1	1	3.30876	3.30876	3.30876
TSS_6658_storz,1735712,+	1	1	1.88957	1.88957	1.88957
TSS_15321_storz,3946052,+	1	1	6.7458	6.7458	6.7458
TSS_6563_regulondb,1710695,+	1	1	1.55146	1.55146	1.55146
TSS_6280_regulondb,1639855,+	1	1	4.17804	4.17804	4.17804
TSS_13453_storz,3475148,+	1	1	1.35348	1.35348	1.35348
TSS_11308_storz,2996606,+	1	1	1.154	1.154	1.154
TSS_1258_storz,296384,+	1	1	2.83042	2.83042	2.83042
TSS_2178_storz,570029,+	1	1	1.18946	1.18946	1.18946
TSS_4195_storz,1092697,+	1	1	2.56075	2.56075	2.56075
TSS_17122_storz_wanner_regulondb,4380641,+	1	1	1.41696	1.41696	1.41696
TSS_15819_storz,4056174,+	1	1	1.42333	1.42333	1.42333
TSS_15414_regulondb,3963763,+	1	1	3.3168	3.3168	3.3168
TSS_11624_storz,3077253,+	1	1	2.18251	2.18251	2.18251
TSS_14124_storz,3646316,+	1	1	4.13279	4.13279	4.13279
TSS_17582_storz,4494406,+	1	1	13.7935	13.7935	13.7935
TSS_14326_storz,3698137,+	1	1	1.75793	1.75793	1.75793
TSS_5850_storz_regulondb,1501681,+	1	1	1.53754	1.53754	1.53754
TSS_3418_storz_regulondb,892149,+	1	1	1.43116	1.43116	1.43116
TSS_12684_storz,3331658,+	1	1	1.61094	1.61094	1.61094
TSS_15295_regulondb,3939716,+	1	1	3.99766	3.99766	3.99766
TSS_8473_storz_regulondb,2228625,+	1	1	1.13456	1.13456	1.13456
TSS_4653_storz,1200972,+	1	1	1.10795	1.10795	1.10795
TSS_6301_storz,1644409,+	1	1	4.76492	4.76492	4.76492
TSS_13993_storz,3607178,+	1	1	1.00457	1.00457	1.00457
TSS_16492_regulondb,4205994,+	1	1	1.23579	1.23579	1.23579
TSS_9517_storz,2523196,+	1	1	1.06524	1.06524	1.06524
TSS_17250_storz,4408101,+	1	1	1.9038	1.9038	1.9038
TSS_6281_storz,1639899,+	1	1	4.03795	4.03795	4.03795
TSS_785_regulondb,189712,+	1	1	3.93921	3.93921	3.93921
TSS_2730_regulondb,705283,+	1	1	1.91788	1.91788	1.91788
TSS_10207_regulondb,2710898,+	1	1	1.56614	1.56614	1.56614
TSS_16826_storz,4304842,+	1	1	1.30219	1.30219	1.30219
TSS_293_storz,70221,+	1	1	2.61457	2.61457	2.61457
TSS_2315_storz_regulondb,601152,+	1	1	1.92041	1.92041	1.92041
TSS_11366_regulondb,3013078,+	1	1	1.00373	1.00373	1.00373
TSS_7034_wanner,1840330,+	1	1	3.66742	3.66742	3.66742
TSS_11273_regulondb,2985530,+	1	1	3.91886	3.91886	3.91886
TSS_7630_wanner,1986707,+	1	1	6.28173	6.28173	6.28173
TSS_8658_regulondb,2280455,+	1	1	4.77251	4.77251	4.77251
TSS_1599_storz_regulondb,405500,+	1	1	4.49742	4.49742	4.49742
TSS_7817_storz,2041439,+	1	1	7.94344	7.94344	7.94344
TSS_727_storz_regulondb,176558,+	1	1	2.17535	2.17535	2.17535
TSS_4159_regulondb,1078433,+	1	1	2.15236	2.15236	2.15236
TSS_5249_regulondb,1328842,+	1	1	4.85675	4.85675	4.85675
TSS_4772_storz_regulondb,1228020,+	1	1	1.88981	1.88981	1.88981
TSS_17322_regulondb,4427834,+	1	1	1.9492	1.9492	1.9492
TSS_6732_regulondb,1753491,+	1	1	2.42613	2.42613	2.42613
TSS_2988_wanner,776935,+	1	1	1.73775	1.73775	1.73775
TSS_2012_storz,506424,+	1	1	3.53278	3.53278	3.53278
TSS_6753_regulondb,1755449,+	1	1	2.92015	2.92015	2.92015
TSS_14095_regulondb,3638006,+	1	1	3.79042	3.79042	3.79042
TSS_8338_regulondb,2184906,+	1	1	1.88006	1.88006	1.88006
TSS_8211_regulondb,2145668,+	1	1	1.33118	1.33118	1.33118
TSS_17251_storz,4408161,+	1	1	1.39175	1.39175	1.39175
TSS_6241_storz,1630506,+	1	1	7.14213	7.14213	7.14213
TSS_15579_regulondb,4003881,+	1	1	1.46719	1.46719	1.46719
TSS_1824_regulondb,458027,+	1	1	5.00736	5.00736	5.00736
TSS_15416_storz_regulondb,3964185,+	1	1	5.43106	5.43106	5.43106
TSS_1980_storz_regulondb,496357,+	1	1	3.4681	3.4681	3.4681
TSS_11309_storz,2996636,+	1	1	1.16139	1.16139	1.16139
TSS_1103_regulondb,255914,+	1	1	1.8404	1.8404	1.8404
TSS_5250_regulondb,1328872,+	1	1	4.65835	4.65835	4.65835
TSS_12922_regulondb,3378204,+	1	1	2.57448	2.57448	2.57448
TSS_130_storz_regulondb,21383,+	1	1	1.50516	1.50516	1.50516
TSS_2523_regulondb,658094,+	1	1	2.17297	2.17297	2.17297
TSS_6333_storz,1650928,+	1	1	1.54842	1.54842	1.54842
TSS_2940_storz,768871,+	1	1	1.24936	1.24936	1.24936
TSS_11506_regulondb,3053779,+	1	1	6.31208	6.31208	6.31208
TSS_7304_regulondb,1906924,+	1	1	1.70323	1.70323	1.70323
TSS_15817_storz,4056066,+	1	1	1.24446	1.24446	1.24446
TSS_3289_storz,855133,+	1	1	1.5714	1.5714	1.5714
TSS_10328_regulondb,2735601,+	1	1	5.0995	5.0995	5.0995
TSS_12276_storz_regulondb,3237885,+	1	1	5.41925	5.41925	5.41925
TSS_7637_regulondb,1987669,+	1	1	3.37757	3.37757	3.37757
TSS_17081_regulondb,4373707,+	1	1	1.97044	1.97044	1.97044
TSS_2763_regulondb,712139,+	1	1	2.4376	2.4376	2.4376
TSS_586_storz,141354,+	1	1	1.81467	1.81467	1.81467
TSS_9406_storz,2491306,+	1	1	3.091	3.091	3.091
TSS_16715_storz_regulondb,4267378,+	1	1	12.5349	12.5349	12.5349
TSS_15412_regulondb,3963710,+	1	1	3.50623	3.50623	3.50623
TSS_3758_regulondb,965817,+	1	1	1.81041	1.81041	1.81041
TSS_7701_storz_regulondb,2006264,+	1	1	1.73593	1.73593	1.73593
TSS_15989_storz_regulondb,4103808,+	1	1	1.9718	1.9718	1.9718
TSS_9575_regulondb,2533693,+	1	1	1.07609	1.07609	1.07609
TSS_3960_storz_regulondb,1017682,+	1	1	1.48295	1.48295	1.48295
TSS_5241_regulondb,1327308,+	1	1	1.37087	1.37087	1.37087
TSS_10629_storz,2812819,+	1	1	3.8512	3.8512	3.8512
TSS_7097_storz_regulondb,1860759,+	1	1	12.3875	12.3875	12.3875
TSS_555_regulondb,131519,+	1	1	3.83193	3.83193	3.83193
TSS_14599_storz,3766916,+	1	1	2.1604	2.1604	2.1604
TSS_8259_regulondb,2163615,+	1	1	1.85109	1.85109	1.85109
TSS_1199_storz,281443,+	1	1	4.27741	4.27741	4.27741
TSS_17371_storz,4440245,+	1	1	1.50453	1.50453	1.50453
TSS_13738_regulondb,3543618,+	1	1	1.46673	1.46673	1.46673
TSS_9376_storz,2481542,+	1	1	6.45343	6.45343	6.45343
TSS_6733_regulondb,1753552,+	1	1	1.50466	1.50466	1.50466
TSS_16056_regulondb,4116450,+	1	1	2.14669	2.14669	2.14669
TSS_1382_regulondb,331263,+	1	1	1.36128	1.36128	1.36128
TSS_15418_storz,3964218,+	1	1	3.46697	3.46697	3.46697
TSS_3741_regulondb,962972,+	1	1	3.35038	3.35038	3.35038
TSS_14061_storz,3629702,+	1	1	2.10596	2.10596	2.10596
TSS_17391_storz,4445686,+	1	1	2.85353	2.85353	2.85353
TSS_900_regulondb,209273,+	1	1	0.889489	0.889489	0.889489
TSS_16561_storz_wanner,4228359,+	1	1	1.56672	1.56672	1.56672
TSS_12149_storz_regulondb,3202677,+	1	1	1.29192	1.29192	1.29192
TSS_3579_regulondb,932404,+	1	1	1.97831	1.97831	1.97831
TSS_1239_storz,293130,+	1	1	1.33768	1.33768	1.33768
TSS_2205_storz,576452,+	1	1	1.17501	1.17501	1.17501
TSS_17540_regulondb,4484145,+	1	1	1.46092	1.46092	1.46092
TSS_685_storz,164015,+	1	1	0.857979	0.857979	0.857979
TSS_12170_regulondb,3208668,+	1	1	5.37821	5.37821	5.37821
TSS_4254_regulondb,1104448,+	1	1	2.70461	2.70461	2.70461
TSS_6843_regulondb,1786443,+	1	1	1.48105	1.48105	1.48105
TSS_16872_storz,4327144,+	1	1	4.97512	4.97512	4.97512
TSS_2760_storz,712067,+	1	1	2.89261	2.89261	2.89261
TSS_4500_regulondb,1161044,+	1	1	1.82901	1.82901	1.82901
TSS_3189_regulondb,830006,+	1	1	1.07549	1.07549	1.07549
TSS_11919_storz_regulondb,3151551,+	1	1	1.23547	1.23547	1.23547
TSS_5911_storz,1518294,+	1	1	1.47659	1.47659	1.47659
TSS_2370_storz,617434,+	1	1	0.961582	0.961582	0.961582
TSS_12099_storz,3188954,+	1	1	2.65116	2.65116	2.65116
TSS_13907_storz,3582788,+	1	1	1.00871	1.00871	1.00871
TSS_17182_storz_regulondb,4395123,+	1	1	1.40392	1.40392	1.40392
TSS_7718_storz,2011167,+	1	1	5.0111	5.0111	5.0111
TSS_3724_storz,960459,+	1	1	2.26841	2.26841	2.26841
TSS_5274_storz,1333102,+	1	1	7.32169	7.32169	7.32169
TSS_16873_storz,4327165,+	1	1	4.65889	4.65889	4.65889
TSS_4845_storz,1250212,+	1	1	2.49019	2.49019	2.49019
TSS_14928_regulondb,3851360,+	1	1	1.41656	1.41656	1.41656
TSS_6649_regulondb,1733347,+	1	1	2.03294	2.03294	2.03294
TSS_3386_storz,886624,+	1	1	1.62229	1.62229	1.62229
TSS_4725_storz,1219131,+	1	1	6.06156	6.06156	6.06156
TSS_15434_regulondb,3967150,+	1	1	0.885484	0.885484	0.885484
TSS_11234_storz_regulondb,2977017,+	1	1	1.36144	1.36144	1.36144
TSS_16354_storz_regulondb,4177646,+	1	1	4.94495	4.94495	4.94495
TSS_12412_storz_regulondb,3274962,+	1	1	1.65978	1.65978	1.65978
TSS_2954_regulondb,770591,+	1	1	1.70897	1.70897	1.70897
TSS_16093_regulondb,4124931,+	1	1	3.3856	3.3856	3.3856
TSS_9116_regulondb,2412508,+	1	1	1.46617	1.46617	1.46617
TSS_17320_storz_regulondb,4427793,+	1	1	2.18684	2.18684	2.18684
TSS_3077_storz_regulondb,793974,+	1	1	3.34542	3.34542	3.34542
TSS_15114_storz_wanner,3902442,+	1	1	3.52847	3.52847	3.52847
TSS_14141_storz,3651544,+	1	1	3.56448	3.56448	3.56448
TSS_8618_storz_wanner_regulondb,2267833,+	1	1	1.97532	1.97532	1.97532
TSS_16231_storz,4159080,+	1	1	2.11405	2.11405	2.11405
TSS_4662_regulondb,1202229,+	1	1	2.03273	2.03273	2.03273
TSS_6540_regulondb,1702888,+	1	1	1.23736	1.23736	1.23736
TSS_5094_regulondb,1299002,+	1	1	2.42716	2.42716	2.42716
TSS_11462_regulondb,3037844,+	1	1	1.44222	1.44222	1.44222
TSS_6645_storz,1732405,+	1	1	3.75973	3.75973	3.75973
TSS_1411_storz,343909,+	1	1	1.62009	1.62009	1.62009
TSS_1088_regulondb,250880,+	1	1	0.908026	0.908026	0.908026
TSS_6588_regulondb,1717853,+	1	1	2.5338	2.5338	2.5338
TSS_2065_storz,526492,+	1	1	7.94771	7.94771	7.94771
TSS_17359_storz_regulondb,4437534,+	1	1	1.71454	1.71454	1.71454
TSS_5843_regulondb,1500347,+	1	1	1.21519	1.21519	1.21519
TSS_9490_regulondb,2516397,+	1	1	3.08598	3.08598	3.08598
TSS_11661_regulondb,3085238,+	1	1	1.54812	1.54812	1.54812
TSS_12030_regulondb,3176084,+	1	1	2.02345	2.02345	2.02345
TSS_7006_storz_regulondb,1830423,+	1	1	2.28003	2.28003	2.28003
TSS_14810_regulondb,3819407,+	1	1	1.95016	1.95016	1.95016
TSS_7614_storz_regulondb,1984821,+	1	1	1.70229	1.70229	1.70229
TSS_3606_storz_regulondb,938576,+	1	1	4.90503	4.90503	4.90503
TSS_12862_storz_regulondb,3365663,+	1	1	1.87843	1.87843	1.87843
TSS_17759_storz_regulondb,4534601,+	1	1	1.5411	1.5411	1.5411
TSS_11043_storz_wanner,2926125,+	1	1	10.0837	10.0837	10.0837
TSS_18091_regulondb,4630721,+	1	1	1.55043	1.55043	1.55043
TSS_9102_regulondb,2411327,+	1	1	2.44862	2.44862	2.44862
TSS_14751_wanner,3806532,+	1	1	2.16576	2.16576	2.16576
TSS_9317_storz,2464326,+	1	1	8.04051	8.04051	8.04051
TSS_6489_storz_regulondb,1687818,+	1	1	1.09335	1.09335	1.09335
TSS_4399_storz,1144163,+	1	1	2.51587	2.51587	2.51587
TSS_6311_regulondb,1645954,+	1	1	2.07734	2.07734	2.07734
TSS_11508_storz_regulondb,3053996,+	1	1	4.97261	4.97261	4.97261
TSS_5706_storz,1469341,+	1	1	1.43169	1.43169	1.43169
TSS_1799_storz,454058,+	1	1	1.86106	1.86106	1.86106
TSS_6242_storz,1630700,+	1	1	5.6749	5.6749	5.6749
TSS_1259_storz,296438,+	1	1	1.99483	1.99483	1.99483
TSS_4411_regulondb,1145984,+	1	1	3.86084	3.86084	3.86084
TSS_8999_storz,2386794,+	1	1	1.49014	1.49014	1.49014
TSS_10320_storz_regulondb,2735111,+	1	1	5.4749	5.4749	5.4749
TSS_7719_regulondb,2011229,+	1	1	0.67152	0.67152	0.67152
TSS_447_regulondb,106530,+	1	1	7.05502	7.05502	7.05502
TSS_10599_storz_wanner,2802772,+	1	1	13.4259	13.4259	13.4259
TSS_1061_storz_regulondb,243512,+	1	1	1.7203	1.7203	1.7203
TSS_17695_storz,4519682,+	1	1	0.898843	0.898843	0.898843
TSS_17773_regulondb,4538832,+	1	1	0.708888	0.708888	0.708888
TSS_10411_regulondb,2751610,+	1	1	3.26422	3.26422	3.26422
TSS_5567_regulondb,1421765,+	1	1	2.64085	2.64085	2.64085
TSS_1112_storz_regulondb,257810,+	1	1	7.82745	7.82745	7.82745
TSS_6179_storz,1615019,+	1	1	1.00576	1.00576	1.00576
TSS_1809_regulondb,455867,+	1	1	3.52304	3.52304	3.52304
TSS_7519_storz,1952479,+	1	1	1.00451	1.00451	1.00451
TSS_9325_storz,2465849,+	1	1	2.7645	2.7645	2.7645
TSS_7683_storz,2000881,+	1	1	1.73496	1.73496	1.73496
TSS_16680_storz_regulondb,4259493,+	1	1	1.96946	1.96946	1.96946
TSS_16333_storz_regulondb,4175200,+	1	1	3.02312	3.02312	3.02312
TSS_7615_regulondb,1984887,+	1	1	0.735035	0.735035	0.735035
TSS_1_storz_regulondb,38,+	1	0	0	0	0
TSS_7626_storz,1986221,+	1	1	2.29665	2.29665	2.29665
TSS_15902_regulondb,4077620,+	1	1	0.849883	0.849883	0.849883
TSS_5035_regulondb,1292739,+	1	1	1.68972	1.68972	1.68972
TSS_16115_regulondb,4130569,+	1	1	1.45567	1.45567	1.45567
TSS_7145_storz,1869995,+	1	1	1.74035	1.74035	1.74035
TSS_12310_storz,3245623,+	1	1	1.48323	1.48323	1.48323
TSS_15426_regulondb,3965823,+	1	1	1.89358	1.89358	1.89358
TSS_867_regulondb,201749,+	1	1	1.01033	1.01033	1.01033
TSS_5042_storz,1293710,+	1	1	0.862316	0.862316	0.862316
TSS_7085_storz,1853854,+	1	1	0.960539	0.960539	0.960539
TSS_13051_regulondb,3408268,+	1	1	1.45117	1.45117	1.45117
TSS_17228_storz,4404147,+	1	1	1.62324	1.62324	1.62324
TSS_4164_storz,1080520,+	1	1	3.24933	3.24933	3.24933
TSS_4483_regulondb,1156989,+	1	1	6.47887	6.47887	6.47887
TSS_3279_regulondb,852358,+	1	1	1.60364	1.60364	1.60364
TSS_1175_regulondb,274509,+	1	1	3.66757	3.66757	3.66757
TSS_14719_storz,3796943,+	1	1	1.50747	1.50747	1.50747
TSS_6344_storz_regulondb,1653733,+	1	1	1.9185	1.9185	1.9185
TSS_4545_regulondb,1174622,+	1	1	2.19726	2.19726	2.19726
TSS_6750_storz_regulondb,1755407,+	1	1	7.13395	7.13395	7.13395
TSS_13712_regulondb,3538079,+	1	1	1.10086	1.10086	1.10086
TSS_4638_storz,1198664,+	1	1	1.74941	1.74941	1.74941
TSS_17896_storz,4576593,+	1	1	1.25828	1.25828	1.25828
TSS_1364_storz,324099,+	1	1	1.72197	1.72197	1.72197
TSS_3769_storz_regulondb,969863,+	1	1	1.80414	1.80414	1.80414
TSS_4627_storz,1196100,+	1	1	2.36213	2.36213	2.36213
TSS_4304_storz,1115959,+	1	1	3.53629	3.53629	3.53629
TSS_5775_wanner,1488901,+	1	1	2.42301	2.42301	2.42301
TSS_9302_regulondb,2460824,+	1	1	1.43946	1.43946	1.43946
TSS_15069_storz_regulondb,3891852,+	1	1	2.21094	2.21094	2.21094
TSS_6671_storz,1739206,+	1	1	6.16414	6.16414	6.16414
TSS_970_storz_regulondb,223485,+	1	1	52.9388	52.9388	52.9388
TSS_3458_regulondb,903745,+	1	1	1.4759	1.4759	1.4759
TSS_1004_regulondb,231064,+	1	1	1.97884	1.97884	1.97884
TSS_6454_regulondb,1676392,+	1	1	2.10229	2.10229	2.10229
TSS_17897_storz,4576927,+	1	1	0.704925	0.704925	0.704925
TSS_7849_storz,2050035,+	1	1	1.29359	1.29359	1.29359
TSS_15045_regulondb,3882134,+	1	1	5.08297	5.08297	5.08297
TSS_11666_wanner,3086213,+	1	1	3.0081	3.0081	3.0081
TSS_1984_regulondb,497255,+	1	1	1.10711	1.10711	1.10711
TSS_6911_regulondb,1803125,+	1	1	1.47282	1.47282	1.47282
TSS_16467_regulondb,4198245,+	1	1	4.53417	4.53417	4.53417
TSS_5083_storz,1297662,+	1	1	1.19176	1.19176	1.19176
TSS_14531_regulondb,3740697,+	1	1	2.19807	2.19807	2.19807
TSS_5983_storz,1543619,+	1	1	3.30612	3.30612	3.30612
TSS_6231_storz_regulondb,1626350,+	1	1	1.57758	1.57758	1.57758
TSS_6698_wanner_regulondb,1744439,+	1	1	3.29063	3.29063	3.29063
TSS_6457_storz,1677504,+	1	1	1.80381	1.80381	1.80381
TSS_15578_regulondb,4003856,+	1	1	1.43088	1.43088	1.43088
TSS_12305_storz_regulondb,3244646,+	1	1	3.84795	3.84795	3.84795
TSS_9986_storz,2651859,+	1	1	1.89141	1.89141	1.89141
TSS_2433_regulondb,638141,+	1	1	2.1983	2.1983	2.1983
TSS_4174_regulondb,1084161,+	1	1	5.2313	5.2313	5.2313
TSS_15820_storz,4056196,+	1	1	1.45323	1.45323	1.45323
TSS_17816_regulondb,4552481,+	1	1	2.45234	2.45234	2.45234
TSS_4173_storz,1084132,+	1	1	9.08371	9.08371	9.08371
TSS_13761_storz_regulondb,3551046,+	1	1	9.08686	9.08686	9.08686
TSS_2977_regulondb,773932,+	1	1	2.16248	2.16248	2.16248
TSS_5547_storz,1415447,+	1	1	2.14004	2.14004	2.14004
TSS_2376_storz_regulondb,621476,+	1	1	1.36013	1.36013	1.36013
TSS_5705_storz,1468803,+	1	1	1.2405	1.2405	1.2405
TSS_3199_regulondb,833018,+	1	1	0.899728	0.899728	0.899728
TSS_16340_storz_regulondb,4176377,+	1	1	5.13574	5.13574	5.13574
TSS_14668_regulondb,3784837,+	1	1	1.90313	1.90313	1.90313
TSS_16318_storz_regulondb,4173404,+	1	1	10.9126	10.9126	10.9126
TSS_9415_storz_regulondb,2493515,+	1	1	3.19579	3.19579	3.19579
TSS_1346_regulondb,319340,+	1	1	3.15288	3.15288	3.15288
TSS_4362_storz,1130215,+	1	1	3.09615	3.09615	3.09615
TSS_12828_storz,3360846,+	1	1	2.04374	2.04374	2.04374
TSS_5370_regulondb,1359076,+	1	1	8.55645	8.55645	8.55645
TSS_16233_storz,4159102,+	1	1	2.22737	2.22737	2.22737
TSS_17775_storz,4539893,+	1	1	3.17148	3.17148	3.17148
TSS_6685_regulondb,1741399,+	1	1	2.49963	2.49963	2.49963
TSS_11925_regulondb,3153324,+	1	1	1.58697	1.58697	1.58697
TSS_6763_storz,1757623,+	1	1	0.922766	0.922766	0.922766
TSS_9467_regulondb,2511031,+	1	1	1.85601	1.85601	1.85601
TSS_4455_regulondb,1150821,+	1	1	9.09968	9.09968	9.09968
TSS_14123_storz,3646077,+	1	1	3.11663	3.11663	3.11663
TSS_15491_regulondb,3984452,+	1	1	6.94116	6.94116	6.94116
TSS_7721_regulondb,2017608,+	1	1	10.6913	10.6913	10.6913
TSS_14263_storz_regulondb,3677415,+	1	1	1.81486	1.81486	1.81486
TSS_1348_regulondb,319417,+	1	1	2.51435	2.51435	2.51435
TSS_2124_storz_regulondb,553800,+	1	1	1.52194	1.52194	1.52194
TSS_3496_storz,915523,+	1	1	1.34835	1.34835	1.34835
TSS_9374_storz,2481164,+	1	1	1.52347	1.52347	1.52347
TSS_5415_storz_regulondb,1384715,+	1	1	1.75197	1.75197	1.75197
TSS_1909_storz,479663,+	1	1	1.07155	1.07155	1.07155
TSS_4237_storz,1099519,+	1	1	2.68738	2.68738	2.68738
TSS_16275_storz_wanner_regulondb,4164507,+	1	1	5.05732	5.05732	5.05732
TSS_618_storz_regulondb,147583,+	1	1	1.98546	1.98546	1.98546
TSS_6427_regulondb,1669977,+	1	1	1.19376	1.19376	1.19376
TSS_11836_storz_regulondb,3128209,+	1	1	1.19218	1.19218	1.19218
TSS_15590_storz,4007124,+	1	1	1.28414	1.28414	1.28414
TSS_1860_regulondb,467576,+	1	1	1.24606	1.24606	1.24606
TSS_12951_regulondb,3383503,+	1	1	1.06804	1.06804	1.06804
TSS_2608_regulondb,675860,+	1	1	1.0027	1.0027	1.0027
TSS_11279_storz,2988025,+	1	1	2.17133	2.17133	2.17133
TSS_7689_storz,2001817,+	1	1	6.52437	6.52437	6.52437
TSS_10255_regulondb,2720689,+	1	1	1.61411	1.61411	1.61411
TSS_7927_storz,2065999,+	1	1	2.15906	2.15906	2.15906
TSS_17214_storz,4402683,+	1	1	7.51816	7.51816	7.51816
TSS_4687_storz,1210546,+	1	1	0.981184	0.981184	0.981184
TSS_15747_storz,4040405,+	1	1	0.97147	0.97147	0.97147
TSS_1414_storz_regulondb,344476,+	1	1	7.40803	7.40803	7.40803
TSS_9303_regulondb,2461004,+	1	1	3.33257	3.33257	3.33257
TSS_16765_storz,4280423,+	1	1	1.5028	1.5028	1.5028
TSS_8604_storz_regulondb,2264236,+	1	1	1.92087	1.92087	1.92087
TSS_1237_storz,292365,+	1	1	0.885378	0.885378	0.885378
TSS_537_regulondb,127717,+	1	1	2.85874	2.85874	2.85874
TSS_14146_storz,3652135,+	1	1	1.67934	1.67934	1.67934
TSS_15649_wanner,4016852,+	1	1	0.924678	0.924678	0.924678
TSS_3906_storz,1005035,+	1	1	6.16108	6.16108	6.16108
TSS_6848_storz,1787609,+	1	1	2.67415	2.67415	2.67415
TSS_4443_wanner,1150277,+	1	1	1.4174	1.4174	1.4174
TSS_1718_storz_regulondb,432199,+	1	1	1.98486	1.98486	1.98486
TSS_1355_regulondb,320761,+	1	1	1.47453	1.47453	1.47453
TSS_14070_storz,3632507,+	1	1	26.7433	26.7433	26.7433
TSS_15258_storz_regulondb,3931345,+	1	1	5.91637	5.91637	5.91637
TSS_5941_storz,1527915,+	1	1	4.59449	4.59449	4.59449
TSS_15681_regulondb,4022993,+	1	1	2.10773	2.10773	2.10773
TSS_6595_storz,1718872,+	1	1	2.08233	2.08233	2.08233
TSS_15665_regulondb,4019932,+	1	1	1.54955	1.54955	1.54955
TSS_1675_storz_regulondb,424209,+	1	1	1.51482	1.51482	1.51482
TSS_17811_regulondb,4549541,+	1	1	3.66115	3.66115	3.66115
TSS_3578_storz_regulondb,932358,+	1	1	2.17688	2.17688	2.17688
TSS_14125_storz,3646533,+	1	1	2.84645	2.84645	2.84645
TSS_2183_storz,570856,+	1	1	2.01525	2.01525	2.01525
TSS_15526_regulondb,3992514,+	1	1	2.29975	2.29975	2.29975
TSS_16880_regulondb,4328375,+	1	1	0.325286	0.325286	0.325286
TSS_18040_storz_regulondb,4614702,+	1	1	2.61692	2.61692	2.61692
TSS_10544_storz,2783243,+	1	1	1.43128	1.43128	1.43128
TSS_17642_storz,4505065,+	1	1	1.62448	1.62448	1.62448
TSS_9573_regulondb,2533496,+	1	1	1.81149	1.81149	1.81149
TSS_11759_storz_regulondb,3103673,+	1	1	4.30085	4.30085	4.30085
TSS_971_regulondb,223593,+	1	1	11.1648	11.1648	11.1648
TSS_8565_storz,2253110,+	1	1	1.39548	1.39548	1.39548
TSS_2385_storz_regulondb,624054,+	1	1	3.36919	3.36919	3.36919
TSS_6543_storz_regulondb,1703230,+	1	1	1.53277	1.53277	1.53277
TSS_1366_storz,324551,+	1	1	1.34258	1.34258	1.34258
TSS_11775_storz,3108385,+	1	1	3.83883	3.83883	3.83883
TSS_2189_regulondb,571537,+	1	1	1.25587	1.25587	1.25587
TSS_17089_regulondb,4374817,+	1	1	3.49868	3.49868	3.49868
TSS_3150_storz_regulondb,816137,+	1	1	2.21316	2.21316	2.21316
TSS_5896_regulondb,1515378,+	1	1	1.39912	1.39912	1.39912
TSS_10138_storz_regulondb,2696729,+	1	1	1.66376	1.66376	1.66376
TSS_3016_regulondb,781224,+	1	1	2.3286	2.3286	2.3286
TSS_1415_regulondb,344560,+	1	1	3.23904	3.23904	3.23904
TSS_12429_regulondb,3279911,+	1	1	2.4499	2.4499	2.4499
TSS_17195_storz_regulondb,4398243,+	1	1	1.34962	1.34962	1.34962
TSS_7639_wanner,1987680,+	1	1	3.22997	3.22997	3.22997
TSS_14726_storz,3799061,+	1	1	0.978027	0.978027	0.978027
TSS_11223_storz_regulondb,2974591,+	1	1	1.73089	1.73089	1.73089
TSS_13171_storz,3435274,+	1	1	0.909488	0.909488	0.909488
TSS_6012_regulondb,1554620,+	1	1	1.33864	1.33864	1.33864
TSS_692_wanner,167427,+	1	1	1.77197	1.77197	1.77197
TSS_6626_regulondb,1726377,+	1	1	1.2258	1.2258	1.2258
TSS_15507_storz_regulondb,3989022,+	1	1	3.40925	3.40925	3.40925
TSS_7142_storz,1869288,+	1	1	1.57983	1.57983	1.57983
TSS_15843_storz_regulondb,4058442,+	1	1	3.69603	3.69603	3.69603
TSS_1334_storz,317427,+	1	1	1.91894	1.91894	1.91894
TSS_3431_storz,897717,+	1	1	1.26639	1.26639	1.26639
TSS_2159_storz,563921,+	1	1	20.5079	20.5079	20.5079
TSS_12771_regulondb,3346443,+	1	1	3.8157	3.8157	3.8157
TSS_8929_storz,2363738,+	1	1	2.35214	2.35214	2.35214
TSS_13490_regulondb,3484047,+	1	1	2.45437	2.45437	2.45437
TSS_1801_storz_regulondb,454217,+	1	1	4.21863	4.21863	4.21863
TSS_17516_regulondb,4477687,+	1	1	2.32465	2.32465	2.32465
TSS_3725_storz,960914,+	1	1	7.60874	7.60874	7.60874
TSS_10355_regulondb,2739844,+	1	1	1.90352	1.90352	1.90352
TSS_4279_storz_wanner_regulondb,1108501,+	1	1	3.04348	3.04348	3.04348
TSS_4454_regulondb,1150781,+	1	1	9.82111	9.82111	9.82111
TSS_2179_regulondb,570068,+	1	1	1.17471	1.17471	1.17471
TSS_7245_regulondb,1894906,+	1	1	1.92261	1.92261	1.92261
TSS_895_storz_regulondb,208326,+	1	1	2.87454	2.87454	2.87454
TSS_8620_regulondb,2267965,+	1	1	0.623943	0.623943	0.623943
TSS_12598_storz,3316582,+	1	1	1.43898	1.43898	1.43898
TSS_5251_wanner,1328905,+	1	1	4.42337	4.42337	4.42337
TSS_9327_regulondb,2465852,+	1	1	2.7645	2.7645	2.7645
TSS_4544_regulondb,1174597,+	1	1	2.15322	2.15322	2.15322
TSS_6268_storz,1636948,+	1	1	1.51016	1.51016	1.51016
TSS_7727_storz_regulondb,2021860,+	1	1	2.58756	2.58756	2.58756
TSS_6525_storz_regulondb,1700226,+	1	1	3.46737	3.46737	3.46737
TSS_11692_regulondb,3090906,+	1	1	1.07676	1.07676	1.07676
TSS_7780_storz_regulondb,2033804,+	1	1	2.50944	2.50944	2.50944
TSS_12413_storz_regulondb,3274994,+	1	1	1.61249	1.61249	1.61249
TSS_4427_regulondb,1147739,+	1	1	2.76134	2.76134	2.76134
TSS_1119_regulondb,259527,+	1	1	2.08547	2.08547	2.08547
TSS_3727_regulondb,961082,+	1	1	2.0783	2.0783	2.0783
TSS_1651_regulondb,418712,+	1	1	1.85091	1.85091	1.85091
TSS_454_storz_regulondb,107668,+	1	1	2.07941	2.07941	2.07941
TSS_9687_storz,2562518,+	1	1	4.38993	4.38993	4.38993
TSS_2989_regulondb,776992,+	1	1	1.52939	1.52939	1.52939
TSS_972_regulondb,223656,+	1	1	5.7127	5.7127	5.7127
TSS_13155_regulondb,3431672,+	1	1	2.60179	2.60179	2.60179
TSS_17043_storz,4366617,+	1	1	3.20184	3.20184	3.20184
TSS_6225_regulondb,1625513,+	1	1	1.69655	1.69655	1.69655
TSS_13541_regulondb,3497435,+	1	1	0.697918	0.697918	0.697918
TSS_16335_regulondb,4175266,+	1	1	1.41995	1.41995	1.41995
TSS_2510_storz,656438,+	1	1	16.8454	16.8454	16.8454
TSS_10267_storz,2723848,+	1	1	1.47902	1.47902	1.47902
TSS_16663_regulondb,4255110,+	1	1	2.27842	2.27842	2.27842
TSS_12193_storz,3213618,+	1	1	2.30338	2.30338	2.30338
TSS_13545_regulondb,3497857,+	1	1	1.53952	1.53952	1.53952
TSS_4514_storz,1165214,+	1	1	1.78687	1.78687	1.78687
TSS_805_storz_regulondb,192617,+	1	1	1.88785	1.88785	1.88785
TSS_13672_storz,3530684,+	1	1	1.75151	1.75151	1.75151
TSS_4760_storz,1225810,+	1	1	1.08008	1.08008	1.08008
TSS_5516_storz,1407499,+	1	1	1.09988	1.09988	1.09988
TSS_5009_regulondb,1289443,+	1	1	1.57457	1.57457	1.57457
TSS_5493_regulondb,1403960,+	1	1	1.31892	1.31892	1.31892
TSS_7926_storz,2065960,+	1	1	1.98003	1.98003	1.98003
TSS_7895_storz,2060273,+	1	1	14.7997	14.7997	14.7997
TSS_14043_storz,3621030,+	1	1	1.78721	1.78721	1.78721
TSS_14697_regulondb,3791993,+	1	1	1.91646	1.91646	1.91646
TSS_9982_wanner,2651558,+	1	1	1.20095	1.20095	1.20095
TSS_2619_regulondb,678685,+	1	1	1.36829	1.36829	1.36829
TSS_1240_storz,293211,+	1	1	1.21007	1.21007	1.21007
TSS_5984_storz,1543730,+	1	1	1.1333	1.1333	1.1333
TSS_6836_regulondb,1785407,+	1	1	1.66022	1.66022	1.66022
TSS_8420_storz,2213654,+	1	1	1.74615	1.74615	1.74615
TSS_7883_storz_wanner_regulondb,2057866,+	1	1	2.82031	2.82031	2.82031
TSS_8647_wanner,2276510,+	1	1	1.96613	1.96613	1.96613
TSS_7714_storz,2010222,+	1	1	2.27653	2.27653	2.27653
TSS_8596_regulondb,2263436,+	1	1	1.78744	1.78744	1.78744
TSS_4515_storz,1165246,+	1	1	1.50548	1.50548	1.50548
TSS_10883_storz_regulondb,2890212,+	1	1	1.5068	1.5068	1.5068
TSS_6597_storz,1718906,+	1	1	2.24796	2.24796	2.24796
TSS_15047_regulondb,3882331,+	1	1	1.80104	1.80104	1.80104
TSS_14847_regulondb,3826942,+	1	1	1.34561	1.34561	1.34561
TSS_6570_storz,1712376,+	1	1	3.74369	3.74369	3.74369
TSS_3079_storz_regulondb,794285,+	1	1	1.49463	1.49463	1.49463
TSS_14312_storz,3694767,+	1	1	2.53499	2.53499	2.53499
TSS_13804_regulondb,3559994,+	1	1	7.35424	7.35424	7.35424
TSS_11204_regulondb,2969260,+	1	1	1.34351	1.34351	1.34351
TSS_14101_storz,3638774,+	1	1	1.40806	1.40806	1.40806
TSS_1836_regulondb,460654,+	1	1	1.45177	1.45177	1.45177
TSS_4160_regulondb,1078511,+	1	1	1.67695	1.67695	1.67695
TSS_4726_storz,1219841,+	1	1	4.99735	4.99735	4.99735
TSS_5747_storz,1481038,+	1	1	1.27078	1.27078	1.27078
TSS_12269_regulondb,3236392,+	1	1	14.7118	14.7118	14.7118
TSS_8778_storz_regulondb,2311474,+	1	1	2.02879	2.02879	2.02879
TSS_2506_regulondb,655749,+	1	1	2.14999	2.14999	2.14999
TSS_6644_regulondb,1732381,+	1	1	3.47297	3.47297	3.47297
TSS_10549_storz,2784905,+	1	1	1.40494	1.40494	1.40494
TSS_5261_storz_regulondb,1331785,+	1	1	3.48585	3.48585	3.48585
TSS_8118_storz,2106856,+	1	1	1.0684	1.0684	1.0684
TSS_6273_storz,1638809,+	1	1	3.56606	3.56606	3.56606
TSS_7478_regulondb,1944168,+	1	1	0.941681	0.941681	0.941681
TSS_8777_wanner,2311440,+	1	1	2.06454	2.06454	2.06454
TSS_8187_storz_regulondb,2135887,+	1	1	0.94415	0.94415	0.94415
TSS_4652_regulondb,1200950,+	1	1	1.11601	1.11601	1.11601
TSS_12221_regulondb,3220573,+	1	1	0.583223	0.583223	0.583223
TSS_8120_storz,2107454,+	1	1	2.45345	2.45345	2.45345
TSS_14084_storz,3635601,+	1	1	1.95555	1.95555	1.95555
TSS_8093_storz,2101228,+	1	1	2.9117	2.9117	2.9117
TSS_3399_regulondb,889163,+	1	1	2.5908	2.5908	2.5908
TSS_6313_regulondb,1645972,+	1	1	2.07734	2.07734	2.07734
TSS_587_regulondb,141407,+	1	1	1.93809	1.93809	1.93809
TSS_13067_storz_wanner,3410612,+	1	1	2.80177	2.80177	2.80177
TSS_10415_storz,2752854,+	1	1	1.63712	1.63712	1.63712
TSS_12423_regulondb,3276888,+	1	1	3.17662	3.17662	3.17662
TSS_3908_regulondb,1005113,+	1	1	2.48586	2.48586	2.48586
TSS_12171_regulondb,3208734,+	1	1	6.02252	6.02252	6.02252
TSS_8186_wanner,2135847,+	1	1	0.80678	0.80678	0.80678
TSS_14866_storz_wanner_regulondb,3834221,+	1	1	2.92277	2.92277	2.92277
TSS_5791_storz,1490461,+	1	1	2.20908	2.20908	2.20908
TSS_18017_wanner,4607405,+	1	1	0.890164	0.890164	0.890164
TSS_6484_storz,1686557,+	1	1	1.36099	1.36099	1.36099
TSS_10909_regulondb,2898494,+	1	1	1.02338	1.02338	1.02338
TSS_15822_regulondb,4056253,+	1	1	1.54539	1.54539	1.54539
TSS_16580_regulondb,4231745,+	1	1	0.989589	0.989589	0.989589
TSS_6204_regulondb,1620611,+	1	1	5.2825	5.2825	5.2825
TSS_7365_storz_regulondb,1923110,+	1	1	2.03322	2.03322	2.03322
TSS_1354_regulondb,320735,+	1	1	1.65566	1.65566	1.65566
TSS_9297_storz,2459272,+	1	1	1.73757	1.73757	1.73757
TSS_4277_storz,1108478,+	1	1	3.07102	3.07102	3.07102
TSS_1326_storz,313045,+	1	1	1.45641	1.45641	1.45641
TSS_5303_regulondb,1338237,+	1	1	2.953	2.953	2.953
TSS_13996_storz_regulondb,3607936,+	1	1	1.47768	1.47768	1.47768
TSS_7461_storz_regulondb,1940658,+	1	1	1.4747	1.4747	1.4747
TSS_4807_regulondb,1242348,+	1	1	1.86902	1.86902	1.86902
TSS_4210_storz,1095241,+	1	1	1.37368	1.37368	1.37368
TSS_14068_storz,3632238,+	1	1	4.1821	4.1821	4.1821
TSS_11726_storz,3098913,+	1	1	1.53949	1.53949	1.53949
TSS_12330_storz,3249098,+	1	1	0.651938	0.651938	0.651938
TSS_11286_storz,2990152,+	1	1	4.97153	4.97153	4.97153
TSS_4171_regulondb,1084088,+	1	1	5.07755	5.07755	5.07755
TSS_1117_regulondb,259440,+	1	1	2.0585	2.0585	2.0585
TSS_3270_storz,849640,+	1	1	3.08794	3.08794	3.08794
TSS_6243_storz_regulondb,1630738,+	1	1	3.37774	3.37774	3.37774
TSS_8995_regulondb,2386561,+	1	1	1.72389	1.72389	1.72389
TSS_2512_regulondb,656524,+	1	1	3.63582	3.63582	3.63582
TSS_2572_storz,669819,+	1	1	1.19884	1.19884	1.19884
TSS_10581_regulondb,2797092,+	1	1	1.60575	1.60575	1.60575
TSS_17577_regulondb,4492620,+	1	1	1.86747	1.86747	1.86747
TSS_4617_storz_regulondb,1194231,+	1	1	7.32946	7.32946	7.32946
TSS_17123_storz,4380719,+	1	1	1.31555	1.31555	1.31555
TSS_8614_storz,2266848,+	1	1	1.44204	1.44204	1.44204
TSS_14067_storz,3632210,+	1	1	5.81661	5.81661	5.81661
TSS_2417_storz_regulondb,636511,+	1	1	2.29833	2.29833	2.29833
TSS_8892_storz,2347963,+	1	1	1.2673	1.2673	1.2673
TSS_9824_regulondb,2614090,+	1	1	1.97355	1.97355	1.97355
TSS_7662_storz,1994945,+	1	1	1.42761	1.42761	1.42761
TSS_1584_storz_regulondb,400587,+	1	1	4.78047	4.78047	4.78047
TSS_10500_regulondb,2771307,+	1	1	1.63917	1.63917	1.63917
TSS_12086_storz,3185460,+	1	1	1.07342	1.07342	1.07342
TSS_3329_storz,872122,+	1	1	2.71428	2.71428	2.71428
TSS_15108_storz,3899326,+	1	1	1.48908	1.48908	1.48908
TSS_17416_regulondb,4453751,+	1	1	0.967323	0.967323	0.967323
TSS_5931_storz,1524249,+	1	1	0.968258	0.968258	0.968258
TSS_8771_storz,2311088,+	1	1	1.59132	1.59132	1.59132
TSS_8026_storz_regulondb,2087989,+	1	1	18.0272	18.0272	18.0272
TSS_2415_storz,636272,+	1	1	2.22196	2.22196	2.22196
TSS_385_regulondb,89589,+	1	1	2.87028	2.87028	2.87028
TSS_3975_storz,1019493,+	1	1	1.62811	1.62811	1.62811
TSS_7170_regulondb,1875681,+	1	1	1.83725	1.83725	1.83725
TSS_11098_storz_regulondb,2940718,+	1	1	6.42174	6.42174	6.42174
TSS_7690_storz,2001838,+	1	1	4.55546	4.55546	4.55546
TSS_14627_regulondb,3774659,+	1	1	1.22805	1.22805	1.22805
TSS_5269_storz,1332812,+	1	1	1.00163	1.00163	1.00163
TSS_6210_wanner,1622582,+	1	1	1.41036	1.41036	1.41036
TSS_2536_storz,660659,+	1	1	1.98441	1.98441	1.98441
TSS_12778_storz,3348595,+	1	1	1.79334	1.79334	1.79334
TSS_15717_wanner,4033260,+	1	1	17.7839	17.7839	17.7839
TSS_14439_storz,3719955,+	1	1	1.88839	1.88839	1.88839
TSS_4192_storz_regulondb,1092063,+	1	1	7.452	7.452	7.452
TSS_4919_storz_regulondb,1268546,+	1	1	2.68264	2.68264	2.68264
TSS_16273_wanner,4164388,+	1	1	14.4222	14.4222	14.4222
TSS_13540_storz,3497404,+	1	1	0.66155	0.66155	0.66155
TSS_7628_storz_regulondb,1986706,+	1	1	6.28173	6.28173	6.28173
TSS_2243_storz,584967,+	1	1	1.70706	1.70706	1.70706
TSS_66_storz_regulondb,12048,+	1	1	6.58189	6.58189	6.58189
TSS_1764_storz_regulondb,443882,+	1	1	1.45681	1.45681	1.45681
TSS_17872_storz,4570310,+	1	1	4.99068	4.99068	4.99068
TSS_5092_storz_regulondb,1298694,+	1	1	51.0275	51.0275	51.0275
TSS_18061_regulondb,4619739,+	1	1	3.46523	3.46523	3.46523
TSS_10617_regulondb,2807617,+	1	1	2.1129	2.1129	2.1129
TSS_5209_storz_regulondb,1321212,+	1	1	0.870824	0.870824	0.870824
TSS_13535_regulondb,3495815,+	1	1	1.05584	1.05584	1.05584
TSS_17506_storz_regulondb,4476468,+	1	1	1.70426	1.70426	1.70426
TSS_16733_regulondb,4272103,+	1	1	2.68453	2.68453	2.68453
TSS_17337_regulondb,4432105,+	1	1	1.72831	1.72831	1.72831
TSS_1600_regulondb,405579,+	1	1	2.12416	2.12416	2.12416
TSS_3375_storz_regulondb,882872,+	1	1	1.22507	1.22507	1.22507
TSS_14729_storz,3800135,+	1	1	0.957009	0.957009	0.957009
TSS_4911_regulondb,1267077,+	1	1	0.935344	0.935344	0.935344
TSS_4305_storz,1115994,+	1	1	1.88591	1.88591	1.88591
TSS_11194_regulondb,2967604,+	1	1	1.10181	1.10181	1.10181
TSS_2064_storz,526430,+	1	1	6.39436	6.39436	6.39436
TSS_8703_regulondb,2288444,+	1	1	1.30388	1.30388	1.30388
TSS_8927_wanner,2363708,+	1	1	3.35292	3.35292	3.35292
TSS_16679_storz,4259082,+	1	1	2.57957	2.57957	2.57957
TSS_1235_storz_regulondb,292275,+	1	1	2.83276	2.83276	2.83276
TSS_18043_regulondb,4615300,+	1	1	6.54541	6.54541	6.54541
TSS_14310_regulondb,3694466,+	1	1	1.64139	1.64139	1.64139
TSS_15291_wanner,3939537,+	1	1	8.67429	8.67429	8.67429
TSS_7144_regulondb,1869961,+	1	1	1.75981	1.75981	1.75981
TSS_17518_regulondb,4477709,+	1	1	2.41784	2.41784	2.41784
TSS_5598_storz,1432538,+	1	1	2.24365	2.24365	2.24365
TSS_9499_wanner,2518943,+	1	1	3.69531	3.69531	3.69531
TSS_8071_storz,2097467,+	1	1	1.45553	1.45553	1.45553
TSS_4_wanner,147,+	1	1	1.78344	1.78344	1.78344
TSS_6426_storz_regulondb,1669940,+	1	1	1.36711	1.36711	1.36711
TSS_15848_storz,4060279,+	1	1	1.10749	1.10749	1.10749
TSS_10621_regulondb,2808769,+	1	1	2.43872	2.43872	2.43872
TSS_6334_wanner,1650993,+	1	1	1.314	1.314	1.314
TSS_2435_regulondb,638189,+	1	1	1.48392	1.48392	1.48392
TSS_16976_storz,4350711,+	1	1	1.59997	1.59997	1.59997
TSS_10502_storz,2772073,+	1	1	1.71357	1.71357	1.71357
TSS_16533_storz,4219625,+	1	1	1.07315	1.07315	1.07315
TSS_15508_regulondb,3989081,+	1	1	3.00505	3.00505	3.00505
TSS_14208_storz_regulondb,3662887,+	1	1	4.99244	4.99244	4.99244
TSS_6069_storz,1577447,+	1	1	1.06117	1.06117	1.06117
TSS_7613_regulondb,1984799,+	1	1	3.79853	3.79853	3.79853
TSS_8125_storz,2108058,+	1	1	1.74877	1.74877	1.74877
TSS_17160_storz,4390332,+	1	1	8.397	8.397	8.397
TSS_5273_regulondb,1333080,+	1	1	7.43389	7.43389	7.43389
TSS_5597_storz,1432466,+	1	1	2.23712	2.23712	2.23712
TSS_16867_storz,4324997,+	1	1	0.841787	0.841787	0.841787
TSS_8028_regulondb,2088014,+	1	1	15.1534	15.1534	15.1534
TSS_17519_storz,4477933,+	1	1	1.03618	1.03618	1.03618
TSS_2950_regulondb,770425,+	1	1	2.4322	2.4322	2.4322
TSS_17772_regulondb,4538690,+	1	1	28.7144	28.7144	28.7144
TSS_11280_storz,2988149,+	1	1	2.11486	2.11486	2.11486
TSS_5922_storz_regulondb,1521251,+	1	1	2.2094	2.2094	2.2094
TSS_17670_storz,4516390,+	1	1	1.53186	1.53186	1.53186
TSS_7627_wanner,1986678,+	1	1	8.65924	8.65924	8.65924
TSS_67_wanner,12122,+	1	1	2.95585	2.95585	2.95585
TSS_3017_regulondb,781279,+	1	1	1.53654	1.53654	1.53654
TSS_9377_storz_regulondb,2481652,+	1	1	10.1651	10.1651	10.1651
TSS_2803_regulondb,728260,+	1	1	0.967523	0.967523	0.967523
TSS_6838_regulondb,1785439,+	1	1	1.22811	1.22811	1.22811
TSS_17501_storz,4475183,+	1	1	0.46768	0.46768	0.46768
TSS_8105_storz,2103273,+	1	1	1.91811	1.91811	1.91811
TSS_1275_regulondb,302181,+	1	1	4.96222	4.96222	4.96222
TSS_14143_storz_regulondb,3651959,+	1	1	2.33103	2.33103	2.33103
TSS_14145_wanner,3651972,+	1	1	2.33103	2.33103	2.33103
TSS_12436_storz,3285088,+	1	1	1.12227	1.12227	1.12227
TSS_10424_storz,2755756,+	1	1	2.55689	2.55689	2.55689
TSS_7713_storz,2010091,+	1	1	2.10986	2.10986	2.10986
TSS_7656_wanner,1993793,+	1	1	2.69245	2.69245	2.69245
TSS_4156_storz,1078304,+	1	1	2.4064	2.4064	2.4064
TSS_4516_regulondb,1165275,+	1	1	0.976821	0.976821	0.976821
TSS_12796_regulondb,3352531,+	1	1	1.84834	1.84834	1.84834
TSS_10575_regulondb,2795288,+	1	1	1.37382	1.37382	1.37382
TSS_3401_wanner,889176,+	1	1	1.64057	1.64057	1.64057
