ID  Ada_28-0
P0  A  C  G  T
01  1  2  0  0
02  0  0  3  0
03  1  2  0  0
04  3  0  0  0
05  2  0  0  1
06  2  0  0  1
07  2  0  1  0
08  1  2  0  0
09  2  0  1  0
10  0  1  0  2
11  1  0  0  2
12  1  0  2  0
13  1  2  0  0
14  1  0  1  1
15  0  0  2  1
16  0  2  1  0
17  1  0  1  1
18  0  1  1  1
19  3  0  0  0
20  3  0  0  0
21  0  0  2  1
22  3  0  0  0
23  2  0  0  1
24  0  1  0  2
25  0  0  3  0
26  0  0  0  3
27  0  0  0  3
28  0  0  1  2
//
ID  AgaR_25-2
P0  A  C  G  T
01  5  2  0  4
02  4  0  1  6
03  2  1  2  6
04  5  2  4  0
05  5  4  0  2
06  1  9  1  0
07  0  0  1  10
08  1  0  1  9
09  0  0  0  11
10  0  9  0  2
11  4  0  6  1
12  2  1  1  7
13  0  1  0  10
14  1  0  1  9
15  1  4  0  6
16  4  4  3  0
17  0  1  0  10
18  0  0  0  11
19  0  0  0  11
20  1  8  0  2
21  2  1  3  5
22  2  2  1  6
23  1  0  0  10
24  0  1  0  10
25  2  0  3  6
//
ID  AraC_19-8
P0  A  C  G  T
01  0  3  0  0
02  0  3  0  0
03  3  0  0  0
04  1  0  0  2
05  2  0  1  0
06  3  0  0  0
07  0  0  3  0
08  3  0  0  0
09  0  0  0  3
10  1  0  0  2
11  3  0  0  0
12  0  0  2  1
13  0  2  0  1
14  0  2  1  0
15  0  0  2  1
16  1  1  1  0
17  0  1  1  1
18  1  2  0  0
19  1  2  0  0
//
ID  AraC_19-9
P0  A  C  G  T
01  5  0  2  3
02  0  6  1  3
03  8  0  2  0
04  2  0  8  0
05  2  7  0  1
06  7  1  2  0
07  4  1  4  1
08  4  1  3  2
09  7  0  0  3
10  3  0  2  5
11  5  2  0  3
12  6  0  4  0
13  0  0  1  9
14  2  6  2  0
15  2  7  0  1
16  10  0  0  0
17  0  1  0  9
18  10  0  0  0
19  5  1  0  4
//
ID  ArcA_28-0
P0  A  C  G  T
01  15  0  3  14
02  21  4  1  6
03  18  2  0  12
04  6  3  3  20
05  15  2  0  15
06  14  0  2  16
07  10  3  1  18
08  7  0  10  15
09  9  2  21  0
10  2  0  1  29
11  4  0  4  24
12  26  0  6  0
13  22  6  2  2
14  10  8  4  10
15  11  4  3  14
16  27  1  0  4
17  19  1  1  11
18  13  2  6  11
19  3  1  2  26
20  1  2  22  7
21  11  1  1  19
22  13  0  0  19
23  21  0  6  5
24  17  2  1  12
25  7  8  2  15
26  20  0  5  7
27  22  3  3  4
28  15  4  0  13
//
ID  ArcA_28-37
P0  A  C  G  T
01  3  1  0  6
02  8  0  0  2
03  7  0  3  0
04  7  1  2  0
05  3  2  0  5
06  2  0  7  1
07  6  0  0  4
08  4  4  0  2
09  9  0  0  1
10  2  3  0  5
11  6  0  3  1
12  1  8  0  1
13  0  9  1  0
14  0  6  2  2
15  5  2  3  0
16  0  7  2  1
17  5  0  0  5
18  0  2  0  8
19  4  3  1  2
20  5  4  1  0
21  3  0  2  5
22  3  1  3  3
23  5  3  0  2
24  0  5  4  1
25  7  0  0  3
26  5  0  1  4
27  0  3  2  5
28  0  0  1  9
//
ID  ArgP_14-0
P0  A  C  G  T
01  4  0  0  0
02  0  0  0  4
03  0  0  0  4
04  0  0  2  2
05  3  0  0  1
06  1  2  0  1
07  1  3  0  0
08  3  0  0  1
09  3  1  0  0
10  1  0  1  2
11  4  0  0  0
12  1  1  0  2
13  0  1  2  1
14  0  2  2  0
//
ID  ArgR_26-5
P0  A  C  G  T
01  14  0  3  0
02  0  4  1  12
03  2  1  9  5
04  2  15  0  0
05  15  1  0  1
06  5  2  2  8
07  9  0  1  7
08  4  1  0  12
09  9  0  2  6
10  10  1  2  4
11  8  0  1  8
12  4  2  6  5
13  0  1  0  16
14  0  0  17  0
15  6  6  4  1
16  13  0  3  1
17  0  0  1  16
18  10  0  4  3
19  7  3  0  7
20  8  0  1  8
21  9  2  1  5
22  15  1  0  1
23  0  1  1  15
24  1  1  2  13
25  1  12  3  1
26  13  0  2  2
//
ID  CpxR_14-3
P0  A  C  G  T
01  0  0  0  15
02  1  0  2  12
03  13  0  1  1
04  0  15  0  0
05  5  2  8  0
06  1  5  2  7
07  3  4  2  6
08  3  2  4  6
09  2  3  3  7
10  1  0  2  12
11  0  0  0  15
12  0  0  0  15
13  11  0  2  2
14  1  14  0  0
//
ID  CpxR_14-8
P0  A  C  G  T
01  1  0  1  7
02  0  0  0  9
03  7  0  0  2
04  7  2  0  0
05  4  0  3  2
06  3  1  0  5
07  0  0  2  7
08  0  0  1  8
09  1  0  0  8
10  0  0  6  3
11  4  1  0  4
12  7  2  0  0
13  6  1  2  0
14  0  3  0  6
//
ID  CRP_25-12
P0  A  C  G  T
01  10  3  2  12
02  16  2  4  5
03  23  0  0  4
04  13  1  2  11
05  5  8  1  13
06  0  2  16  9
07  3  2  0  22
08  3  0  21  3
09  13  13  0  1
10  7  0  8  12
11  1  22  1  3
12  7  2  3  15
13  11  2  7  7
14  0  9  4  14
15  0  3  17  7
16  3  4  1  19
17  3  21  0  3
18  22  0  3  2
19  4  21  0  2
20  19  1  5  2
21  6  5  0  16
22  1  2  0  24
23  0  1  0  26
24  0  3  2  22
25  0  3  9  15
//
ID  CRP_25-141
P0  A  C  G  T
01  5  0  1  0
02  1  1  0  4
03  1  3  2  0
04  2  2  1  1
05  1  0  4  1
06  0  0  5  1
07  1  2  2  1
08  4  0  1  1
09  0  4  0  2
10  2  1  0  3
11  0  0  0  6
12  0  1  5  0
13  2  3  1  0
14  0  0  0  6
15  3  0  3  0
16  5  0  1  0
17  4  2  0  0
18  0  0  5  1
19  0  6  0  0
20  0  3  3  0
21  4  0  1  1
22  0  0  3  3
23  1  0  0  5
24  1  3  0  2
25  5  0  1  0
//
ID  CRP_25-152
P0  A  C  G  T
01  11  3  2  11
02  19  1  3  4
03  21  0  4  2
04  14  5  0  8
05  5  5  5  12
06  1  5  1  20
07  7  0  20  0
08  0  9  3  15
09  1  1  24  1
10  17  4  2  4
11  2  0  9  16
12  1  1  8  17
13  5  10  7  5
14  17  0  10  0
15  8  4  6  9
16  14  5  2  6
17  0  0  4  23
18  1  21  1  4
19  22  0  4  1
20  5  22  0  0
21  19  1  7  0
22  0  1  6  20
23  1  0  0  26
24  2  2  1  22
25  4  4  1  18
//
ID  CRP_25-18
P0  A  C  G  T
01  1  8  13  6
02  7  1  18  2
03  14  4  2  8
04  15  0  12  1
05  22  4  0  2
06  0  5  0  23
07  5  0  23  0
08  0  0  0  28
09  0  0  28  0
10  26  1  1  0
11  6  7  2  13
12  5  9  12  2
13  8  4  9  7
14  11  6  2  9
15  7  6  12  3
16  9  6  6  7
17  0  6  1  21
18  5  21  0  2
19  14  0  8  6
20  4  21  1  2
21  22  3  0  3
22  7  6  2  13
23  13  6  1  8
24  13  7  3  5
25  12  1  6  9
//
ID  CRP_25-22
P0  A  C  G  T
01  1  0  0  14
02  0  1  7  7
03  6  4  1  4
04  11  0  3  1
05  5  8  2  0
06  8  0  3  4
07  9  0  0  6
08  12  0  0  3
09  13  1  0  1
10  0  9  4  2
11  10  1  0  4
12  6  5  1  3
13  10  0  0  5
14  2  2  5  6
15  0  0  4  11
16  0  2  3  10
17  5  8  1  1
18  8  1  2  4
19  5  6  0  4
20  10  0  1  4
21  2  1  8  4
22  8  2  4  1
23  12  0  0  3
24  4  1  3  7
25  9  1  2  3
//
ID  CRP_25-81
P0  A  C  G  T
01  1  3  2  6
02  5  1  5  1
03  7  1  0  4
04  6  4  1  1
05  11  0  0  1
06  4  0  0  8
07  0  1  3  8
08  0  0  0  12
09  1  2  3  6
10  1  0  1  10
11  1  2  9  0
12  8  1  3  0
13  4  0  0  8
14  0  1  3  8
15  2  0  6  4
16  2  1  6  3
17  0  3  3  6
18  3  1  2  6
19  3  0  8  1
20  0  12  0  0
21  11  0  0  1
22  5  0  4  3
23  5  4  0  3
24  6  2  0  4
25  3  3  0  6
//
ID  CRP_25-83
P0  A  C  G  T
01  31  7  6  10
02  36  10  2  6
03  28  1  1  24
04  21  1  7  25
05  14  6  14  20
06  11  7  4  32
07  0  2  43  9
08  4  0  3  47
09  3  0  43  8
10  48  4  0  2
11  14  4  7  29
12  13  19  12  10
13  1  23  7  23
14  28  5  5  16
15  7  15  22  10
16  34  5  10  5
17  0  1  0  53
18  2  47  0  5
19  42  0  8  4
20  2  42  4  6
21  44  4  5  1
22  34  7  2  11
23  39  0  3  12
24  38  0  3  13
25  29  12  0  13
//
ID  CueR_22-0
P0  A  C  G  T
01  0  3  0  0
02  0  2  0  1
03  0  0  0  3
04  0  0  0  3
05  0  3  0  0
06  0  3  0  0
07  2  1  0  0
08  0  1  2  0
09  1  1  0  1
10  1  0  0  2
11  3  0  0  0
12  0  2  1  0
13  0  0  3  0
14  0  0  3  0
15  0  0  3  0
16  3  0  0  0
17  2  0  1  0
18  0  0  3  0
19  0  1  2  0
20  0  0  1  2
21  1  2  0  0
22  3  0  0  0
//
ID  CysB_13-5
P0  A  C  G  T
01  0  0  8  0
02  3  0  5  0
03  8  0  0  0
04  6  0  1  1
05  1  0  0  7
06  8  0  0  0
07  8  0  0  0
08  2  2  1  3
09  2  0  5  1
10  7  0  1  0
11  1  5  0  2
12  3  0  3  2
13  0  0  1  7
//
ID  CytR_24-5
P0  A  C  G  T
01  0  3  0  5
02  0  1  4  3
03  5  2  1  0
04  3  1  2  2
05  0  1  3  4
06  0  1  7  0
07  4  4  0  0
08  8  0  0  0
09  8  0  0  0
10  2  1  1  4
11  1  5  1  1
12  1  1  3  3
13  4  0  3  1
14  0  2  1  5
15  1  0  0  7
16  2  0  4  2
17  2  6  0  0
18  5  1  1  1
19  4  0  1  3
20  8  0  0  0
21  6  1  1  0
22  5  0  0  3
23  0  0  0  8
24  0  0  3  5
//
ID  DcuR_25-2
P0  A  C  G  T
01  0  0  0  3
02  0  0  0  3
03  2  0  0  1
04  2  0  0  1
05  0  0  0  3
06  1  1  0  1
07  3  0  0  0
08  2  0  0  1
09  0  2  1  0
10  0  0  0  3
11  0  0  0  3
12  0  1  0  2
13  1  0  0  2
14  0  0  3  0
15  0  0  0  3
16  1  0  1  1
17  3  0  0  0
18  0  0  1  2
19  1  2  0  0
20  2  0  1  0
21  0  0  1  2
22  0  0  0  3
23  0  0  0  3
24  1  0  0  2
25  0  0  3  0
//
ID  DeoR_19-5
P0  A  C  G  T
01  0  0  1  6
02  0  1  2  4
03  0  0  0  7
04  0  1  6  0
05  0  0  0  7
06  0  0  4  3
07  5  0  2  0
08  2  2  3  0
09  4  0  0  3
10  5  2  0  0
11  2  0  0  5
12  0  0  4  3
13  1  3  2  1
14  2  1  0  4
15  5  0  1  1
16  3  0  3  1
17  1  5  1  0
18  6  0  0  1
19  0  0  1  6
//
ID  DIDA_10-1
P0  A  C  G  T
01  0  0  3  5
02  0  0  0  8
03  1  0  0  7
04  8  0  0  0
05  0  0  0  8
06  0  5  1  2
07  1  7  0  0
08  8  0  0  0
09  0  8  0  0
10  7  0  0  1
//
ID  FadR_19-5
P0  A  C  G  T
01  1  3  0  6
02  1  0  5  4
03  5  1  1  3
04  8  1  0  1
05  1  5  3  1
06  6  0  0  4
07  3  3  3  1
08  4  0  5  1
09  1  0  1  8
10  1  9  0  0
11  3  2  4  1
12  0  0  8  2
13  9  0  1  0
14  0  7  0  3
15  0  10  0  0
16  10  0  0  0
17  0  0  9  1
18  1  6  0  3
19  0  3  1  6
//
ID  FhlA_30-0
P0  A  C  G  T
01  4  0  0  0
02  4  0  0  0
03  3  0  1  0
04  3  0  0  1
05  1  0  1  2
06  1  1  2  0
07  2  1  1  0
08  3  0  1  0
09  0  0  1  3
10  0  1  0  3
11  0  1  0  3
12  0  2  2  0
13  2  0  1  1
14  0  2  0  2
15  1  2  1  0
16  0  1  2  1
17  0  3  1  0
18  1  3  0  0
19  1  0  3  0
20  0  0  0  4
21  0  0  3  1
22  0  0  0  4
23  0  2  0  2
24  0  0  3  1
25  2  1  0  1
26  1  3  0  0
27  0  0  4  0
28  0  0  1  3
29  0  1  3  0
30  2  0  1  1
//
ID  Fis_26-104
P0  A  C  G  T
01  7  0  2  2
02  0  0  5  6
03  1  0  1  9
04  1  3  4  3
05  5  4  1  1
06  9  0  0  2
07  7  1  3  0
08  9  0  1  1
09  0  1  0  10
10  0  0  1  10
11  1  0  5  5
12  1  0  1  9
13  0  0  8  3
14  8  1  1  1
15  2  3  0  6
16  2  4  0  5
17  10  0  0  1
18  8  3  0  0
19  2  2  0  7
20  2  3  1  5
21  1  5  0  5
22  1  0  2  8
23  3  3  5  0
24  1  0  1  9
25  2  0  8  1
26  6  4  0  1
//
ID  Fis_26-108
P0  A  C  G  T
01  14  3  0  0
02  11  3  0  3
03  3  5  0  9
04  0  6  3  8
05  0  0  4  13
06  0  6  11  0
07  0  8  5  4
08  0  10  1  6
09  2  2  9  4
10  10  0  2  5
11  0  0  0  17
12  1  0  1  15
13  3  2  0  12
14  5  1  0  11
15  0  2  2  13
16  0  8  6  3
17  2  4  10  1
18  3  12  1  1
19  8  2  6  1
20  0  15  2  0
21  6  0  8  3
22  6  0  4  7
23  4  3  0  10
24  7  1  1  8
25  5  4  0  8
26  1  4  2  10
//
ID  Fis_26-109
P0  A  C  G  T
01  0  0  4  3
02  0  5  1  1
03  5  1  0  1
04  6  0  0  1
05  3  0  0  4
06  6  0  1  0
07  6  0  1  0
08  5  0  1  1
09  1  1  0  5
10  1  0  2  4
11  6  0  1  0
12  0  1  4  2
13  3  2  1  1
14  0  3  0  4
15  2  0  1  4
16  0  1  3  3
17  6  0  0  1
18  7  0  0  0
19  6  0  1  0
20  5  0  0  2
21  0  0  4  3
22  4  1  2  0
23  2  4  0  1
24  0  0  4  3
25  1  3  0  3
26  0  0  3  4
//
ID  Fis_26-25
P0  A  C  G  T
01  2  2  1  16
02  5  2  14  0
03  17  3  1  0
04  0  15  1  5
05  1  6  0  14
06  0  0  21  0
07  2  13  3  3
08  3  2  5  11
09  0  9  6  6
10  18  2  0  1
11  8  2  1  10
12  3  5  0  13
13  2  2  0  17
14  3  4  0  14
15  3  3  1  14
16  2  7  0  12
17  11  8  2  0
18  12  1  3  5
19  0  12  4  5
20  0  21  0  0
21  14  1  5  1
22  6  2  6  7
23  6  4  0  11
24  8  6  3  4
25  2  5  9  5
26  4  5  12  0
//
ID  Fis_26-32
P0  A  C  G  T
01  7  0  10  1
02  4  3  0  11
03  1  5  3  9
04  0  9  4  5
05  3  0  7  8
06  5  0  7  6
07  0  0  2  16
08  0  5  0  13
09  0  1  17  0
10  3  13  0  2
11  2  6  0  10
12  1  1  12  4
13  8  4  5  1
14  17  0  0  1
15  15  2  0  1
16  17  0  0  1
17  12  0  1  5
18  7  1  4  6
19  0  4  2  12
20  9  1  8  0
21  8  0  8  2
22  3  8  6  1
23  0  16  1  1
24  10  2  6  0
25  14  0  0  4
26  8  5  2  3
//
ID  Fis_26-37
P0  A  C  G  T
01  1  0  0  11
02  0  1  11  0
03  2  7  1  2
04  8  0  1  3
05  0  1  8  3
06  1  1  9  1
07  0  3  6  3
08  1  4  6  1
09  9  1  2  0
10  4  0  2  6
11  0  0  4  8
12  8  0  3  1
13  9  3  0  0
14  2  2  4  4
15  2  0  9  1
16  3  5  4  0
17  3  1  6  2
18  4  0  5  3
19  7  1  0  4
20  9  1  0  2
21  3  3  0  6
22  1  5  1  5
23  1  4  5  2
24  7  0  0  5
25  0  1  8  3
26  1  4  0  7
//
ID  Fis_26-48
P0  A  C  G  T
01  4  1  4  0
02  7  1  1  0
03  6  3  0  0
04  5  2  2  0
05  3  4  0  2
06  0  0  9  0
07  1  2  5  1
08  0  4  3  2
09  0  4  2  3
10  9  0  0  0
11  6  1  0  2
12  1  3  0  5
13  6  0  3  0
14  4  4  0  1
15  0  3  2  4
16  0  0  2  7
17  0  3  5  1
18  0  2  5  2
19  0  3  0  6
20  0  8  1  0
21  7  2  0  0
22  4  1  4  0
23  4  4  0  1
24  4  2  0  3
25  0  3  4  2
26  1  3  1  4
//
ID  Fis_26-4
P0  A  C  G  T
01  4  2  0  4
02  7  0  3  0
03  8  0  1  1
04  4  2  4  0
05  10  0  0  0
06  8  0  0  2
07  6  0  1  3
08  1  0  2  7
09  1  3  2  4
10  3  0  6  1
11  1  5  3  1
12  0  6  0  4
13  5  2  3  0
14  5  3  1  1
15  6  0  0  4
16  1  3  3  3
17  3  5  0  2
18  1  0  9  0
19  0  2  0  8
20  0  0  3  7
21  8  0  0  2
22  2  3  0  5
23  0  0  1  9
24  0  0  7  3
25  2  1  0  7
26  2  0  0  8
//
ID  Fis_26-83
P0  A  C  G  T
01  0  1  0  9
02  2  0  0  8
03  0  1  6  3
04  0  0  2  8
05  0  2  1  7
06  2  0  2  6
07  8  0  0  2
08  0  4  0  6
09  0  1  1  8
10  6  2  2  0
11  2  0  2  6
12  0  0  1  9
13  0  0  1  9
14  1  0  9  0
15  2  0  0  8
16  1  0  7  2
17  3  5  1  1
18  1  0  3  6
19  3  0  0  7
20  6  0  0  4
21  4  2  0  4
22  0  2  2  6
23  4  0  2  4
24  1  4  3  2
25  7  0  1  2
26  1  4  5  0
//
ID  FNR_17-11
P0  A  C  G  T
01  18  2  5  6
02  18  3  0  10
03  15  3  0  13
04  3  1  2  25
05  0  1  0  30
06  0  0  31  0
07  18  6  0  7
08  0  2  5  24
09  10  9  2  10
10  9  1  4  17
11  23  3  5  0
12  7  12  5  7
13  26  1  4  0
14  1  0  0  30
15  0  29  1  1
16  29  0  0  2
17  26  2  0  3
//
ID  FNR_17-53
P0  A  C  G  T
01  8  1  2  0
02  3  2  0  6
03  0  0  0  11
04  0  0  7  4
05  6  0  5  0
06  6  4  1  0
07  7  1  0  3
08  3  1  6  1
09  1  0  0  10
10  0  0  7  4
11  11  0  0  0
12  2  1  3  5
13  0  8  2  1
14  6  2  3  0
15  6  1  0  4
16  7  2  1  1
17  5  2  0  4
//
ID  FNR_17-9
P0  A  C  G  T
01  7  0  3  3
02  8  1  1  3
03  8  0  5  0
04  2  5  1  5
05  3  4  5  1
06  7  1  3  2
07  1  4  6  2
08  9  0  0  4
09  0  0  0  13
10  0  10  3  0
11  12  0  0  1
12  10  0  0  3
13  11  0  0  2
14  7  1  0  5
15  8  4  1  0
16  9  0  3  1
17  7  5  1  0
//
ID  FruR_18-2
P0  A  C  G  T
01  7  3  2  0
02  1  6  3  2
03  2  1  0  9
04  1  0  6  5
05  9  0  0  3
06  12  0  0  0
07  4  1  2  5
08  0  10  2  0
09  1  0  11  0
10  7  1  0  4
11  0  0  1  11
12  0  0  0  12
13  0  11  0  1
14  11  0  0  1
15  0  1  11  0
16  0  11  0  1
17  6  1  1  4
18  2  7  1  2
//
ID  Fur_21-21
P0  A  C  G  T
01  0  0  0  2
02  2  0  0  0
03  0  0  2  0
04  0  1  0  1
05  1  0  1  0
06  1  0  1  0
07  0  1  0  1
08  0  1  1  0
09  0  0  2  0
10  1  1  0  0
11  2  0  0  0
12  2  0  0  0
13  0  0  0  2
14  0  1  0  1
15  1  0  1  0
16  0  1  1  0
17  0  2  0  0
18  0  2  0  0
19  0  0  0  2
20  0  1  1  0
21  0  0  2  0
//
ID  Fur_21-4
P0  A  C  G  T
01  4  3  0  20
02  7  2  17  1
03  22  3  2  0
04  7  0  5  15
05  25  0  0  2
06  24  0  2  1
07  0  3  0  24
08  5  6  8  8
09  17  4  4  2
10  2  0  1  24
11  0  0  0  27
12  16  4  0  7
13  0  1  3  23
14  2  23  2  0
15  24  1  1  1
16  1  3  0  23
17  0  1  0  26
18  13  1  1  12
19  6  4  7  10
20  11  13  0  3
21  23  1  3  0
//
ID  GadE_19-3
P0  A  C  G  T
01  1  0  0  4
02  3  0  0  2
03  0  1  3  1
04  0  1  3  1
05  2  1  0  2
06  0  0  2  3
07  0  0  0  5
08  0  0  0  5
09  0  1  0  4
10  2  0  3  0
11  0  2  0  3
12  0  0  0  5
13  5  0  0  0
14  0  0  0  5
15  1  0  0  4
16  0  0  0  5
17  4  0  0  1
18  2  2  1  0
19  5  0  0  0
//
ID  GalR_18-0
P0  A  C  G  T
01  0  5  1  1
02  3  1  3  0
03  2  1  4  0
04  0  0  1  6
05  0  0  7  0
06  1  0  1  5
07  7  0  0  0
08  7  0  0  0
09  0  4  0  3
10  0  6  0  1
11  0  0  7  0
12  0  4  0  3
13  0  0  0  7
14  1  0  2  4
15  2  3  1  1
16  0  7  0  0
17  6  0  1  0
18  1  5  0  1
//
ID  GalS_18-1
P0  A  C  G  T
01  0  5  1  1
02  3  1  3  0
03  2  1  4  0
04  0  0  1  6
05  0  0  7  0
06  1  0  1  5
07  7  0  0  0
08  7  0  0  0
09  0  4  0  3
10  0  6  0  1
11  0  0  7  0
12  0  4  0  3
13  0  0  0  7
14  1  0  2  4
15  2  3  1  1
16  0  7  0  0
17  6  0  1  0
18  1  5  0  1
//
ID  GcvA_25-1
P0  A  C  G  T
01  3  0  1  0
02  1  0  0  3
03  0  2  2  0
04  2  1  1  0
05  1  2  0  1
06  4  0  0  0
07  0  0  0  4
08  0  0  0  4
09  4  0  0  0
10  0  0  4  0
11  1  1  0  2
12  1  0  0  3
13  1  0  0  3
14  3  0  0  1
15  0  0  0  4
16  1  0  1  2
17  0  0  1  3
18  2  1  0  1
19  3  0  0  1
20  2  0  0  2
21  2  1  1  0
22  1  1  0  2
23  1  0  3  0
24  4  0  0  0
25  2  0  2  0
//
ID  GlpR_20-5
P0  A  C  G  T
01  10  0  1  5
02  10  0  0  6
03  7  1  0  8
04  13  0  1  2
05  1  3  0  12
06  0  0  16  0
07  7  5  1  3
08  0  1  10  5
09  3  12  1  0
10  7  2  6  1
11  10  0  3  3
12  9  0  1  6
13  9  1  1  5
14  8  1  0  7
15  0  14  1  1
16  3  0  13  0
17  9  7  0  0
18  9  1  6  0
19  3  12  0  1
20  8  1  4  3
//
ID  GntR_18-1
P0  A  C  G  T
01  3  3  2  0
02  6  0  0  2
03  0  2  0  6
04  0  0  8  0
05  0  0  0  8
06  2  0  0  6
07  8  0  0  0
08  0  6  0  2
09  1  4  2  1
10  1  5  2  0
11  2  0  4  2
12  0  0  0  8
13  7  0  0  1
14  5  0  0  3
15  1  7  0  0
16  7  0  0  1
17  2  0  3  3
18  5  0  0  3
//
ID  H_NS_28-14
P0  A  C  G  T
01  4  0  0  2
02  0  2  1  3
03  0  2  4  0
04  0  6  0  0
05  4  1  0  1
06  3  2  1  0
07  1  1  0  4
08  1  2  3  0
09  1  2  3  0
10  4  0  2  0
11  3  0  2  1
12  2  0  4  0
13  0  3  2  1
14  2  0  1  3
15  0  1  1  4
16  0  0  2  4
17  1  5  0  0
18  2  4  0  0
19  3  1  0  2
20  2  2  0  2
21  2  0  0  4
22  2  0  1  3
23  2  0  0  4
24  2  0  0  4
25  0  0  0  6
26  0  3  2  1
27  0  1  1  4
28  3  2  0  1
//
ID  H_NS_28-19
P0  A  C  G  T
01  6  1  0  2
02  6  3  0  0
03  1  3  0  5
04  6  0  0  3
05  3  0  0  6
06  1  1  1  6
07  3  2  2  2
08  1  3  0  5
09  1  0  3  5
10  3  0  1  5
11  0  1  4  4
12  6  2  0  1
13  2  2  1  4
14  7  2  0  0
15  0  0  0  9
16  2  0  2  5
17  4  0  1  4
18  2  6  0  1
19  4  2  0  3
20  1  7  0  1
21  8  1  0  0
22  2  2  0  5
23  3  2  0  4
24  0  0  3  6
25  0  0  2  7
26  5  1  0  3
27  7  1  0  1
28  1  0  4  4
//
ID  H_NS_28-24
P0  A  C  G  T
01  2  3  1  0
02  5  0  0  1
03  3  0  0  3
04  3  0  0  3
05  1  1  2  2
06  3  2  1  0
07  6  0  0  0
08  1  3  1  1
09  2  4  0  0
10  6  0  0  0
11  4  0  0  2
12  4  0  0  2
13  0  0  1  5
14  0  4  0  2
15  3  1  1  1
16  0  1  3  2
17  1  2  3  0
18  2  3  1  0
19  4  1  0  1
20  4  0  1  1
21  5  0  0  1
22  6  0  0  0
23  5  0  1  0
24  3  3  0  0
25  0  1  1  4
26  1  0  4  1
27  0  4  2  0
28  0  1  5  0
//
ID  H_NS_28-4
P0  A  C  G  T
01  0  1  0  3
02  2  1  1  0
03  0  1  0  3
04  0  0  1  3
05  1  0  3  0
06  0  0  0  4
07  2  0  2  0
08  0  0  1  3
09  0  0  4  0
10  2  0  2  0
11  4  0  0  0
12  3  0  1  0
13  0  0  0  4
14  1  0  0  3
15  2  0  2  0
16  0  1  0  3
17  0  1  1  2
18  3  1  0  0
19  0  1  1  2
20  1  2  1  0
21  0  1  3  0
22  0  2  2  0
23  2  2  0  0
24  0  0  0  4
25  2  1  1  0
26  4  0  0  0
27  0  4  0  0
28  4  0  0  0
//
ID  IHF_19-19
P0  A  C  G  T
01  5  9  3  13
02  8  3  1  18
03  2  1  7  20
04  16  3  3  8
05  19  3  1  7
06  15  3  2  10
07  17  0  0  13
08  26  0  0  4
09  12  0  1  17
10  1  29  0  0
11  29  0  1  0
12  23  1  4  2
13  3  9  1  17
14  15  3  9  3
15  16  2  6  6
16  8  3  14  5
17  5  0  2  23
18  0  0  1  29
19  27  0  3  0
//
ID  IHF_19-22
P0  A  C  G  T
01  11  0  0  2
02  4  0  0  9
03  3  1  1  8
04  0  8  5  0
05  9  2  1  1
06  4  0  3  6
07  5  2  4  2
08  3  7  2  1
09  4  0  2  7
10  2  1  9  1
11  2  1  0  10
12  0  0  1  12
13  4  3  6  0
14  11  0  0  2
15  7  3  0  3
16  12  1  0  0
17  11  0  0  2
18  6  2  3  2
19  9  1  2  1
//
ID  IHF_19-25
P0  A  C  G  T
01  2  2  4  0
02  2  5  0  1
03  0  5  0  3
04  0  0  6  2
05  0  8  0  0
06  0  5  3  0
07  0  4  1  3
08  3  2  1  2
09  6  0  1  1
10  1  0  2  5
11  2  2  3  1
12  7  0  0  1
13  1  1  6  0
14  0  4  0  4
15  0  5  0  3
16  0  0  3  5
17  1  1  6  0
18  2  1  0  5
19  0  2  0  6
//
ID  IHF_19-3
P0  A  C  G  T
01  2  0  0  10
02  5  4  0  3
03  7  3  1  1
04  0  1  7  4
05  4  7  1  0
06  5  2  3  2
07  12  0  0  0
08  10  0  1  1
09  0  1  0  11
10  0  0  1  11
11  8  4  0  0
12  2  5  2  3
13  2  1  3  6
14  1  3  0  8
15  2  0  10  0
16  10  1  0  1
17  1  2  0  9
18  0  1  2  9
19  1  0  0  11
//
ID  IHF_19-54
P0  A  C  G  T
01  0  1  0  8
02  4  2  0  3
03  7  1  1  0
04  4  4  1  0
05  0  0  6  3
06  2  0  6  1
07  0  3  1  5
08  4  0  1  4
09  1  0  0  8
10  0  0  9  0
11  1  2  4  2
12  0  0  0  9
13  0  2  2  5
14  0  6  0  3
15  1  2  1  5
16  1  1  5  2
17  8  1  0  0
18  9  0  0  0
19  3  0  5  1
//
ID  LacI_24-0
P0  A  C  G  T
01  0  0  0  3
02  0  2  1  0
03  1  1  0  1
04  0  1  2  0
05  2  0  0  1
06  0  1  1  1
07  1  0  1  1
08  2  0  1  0
09  2  0  1  0
10  0  0  0  3
11  0  0  0  3
12  0  0  3  0
13  0  1  0  2
14  0  0  1  2
15  2  0  0  1
16  0  1  0  2
17  0  1  1  1
18  0  3  0  0
19  0  0  3  0
20  0  3  0  0
21  0  0  0  3
22  0  3  0  0
23  3  0  0  0
24  0  3  0  0
//
ID  LexA_20-6
P0  A  C  G  T
01  9  0  1  11
02  12  1  1  7
03  5  1  2  13
04  14  0  5  2
05  0  21  0  0
06  0  0  0  21
07  0  0  21  0
08  0  2  3  16
09  16  3  1  1
10  0  6  2  13
11  15  1  2  3
12  6  2  3  10
13  14  1  2  4
14  9  7  0  5
15  13  2  1  5
16  8  5  3  5
17  9  8  2  2
18  0  21  0  0
19  21  0  0  0
20  1  0  20  0
//
ID  Lrp_17-15
P0  A  C  G  T
01  2  1  3  7
02  6  0  4  3
03  6  1  3  3
04  6  0  0  7
05  0  0  0  13
06  0  1  0  12
07  12  0  0  1
08  2  0  2  9
09  0  3  0  10
10  3  9  0  1
11  1  0  2  10
12  0  1  10  2
13  5  6  1  1
14  10  0  1  2
15  2  0  0  11
16  1  0  5  7
17  0  0  2  11
//
ID  Lrp_17-26
P0  A  C  G  T
01  5  5  0  0
02  2  1  0  7
03  1  0  9  0
04  6  0  2  2
05  2  3  4  1
06  6  1  0  3
07  4  0  5  1
08  0  8  0  2
09  0  6  2  2
10  2  6  0  2
11  0  6  4  0
12  0  4  3  3
13  8  0  0  2
14  1  4  0  5
15  4  2  0  4
16  5  3  1  1
17  1  9  0  0
//
ID  Lrp_17-41
P0  A  C  G  T
01  6  0  0  3
02  5  2  0  2
03  0  4  0  5
04  6  0  3  0
05  2  0  5  2
06  2  3  0  4
07  7  0  2  0
08  0  0  0  9
09  0  2  1  6
10  0  1  0  8
11  0  2  0  7
12  4  2  3  0
13  1  0  0  8
14  3  0  5  1
15  0  9  0  0
16  1  0  0  8
17  4  0  5  0
//
ID  Lrp_17-44
P0  A  C  G  T
01  5  0  1  2
02  0  0  1  7
03  1  4  1  2
04  4  2  1  1
05  5  3  0  0
06  0  0  0  8
07  2  0  6  0
08  6  2  0  0
09  2  5  0  1
10  0  3  1  4
11  1  0  7  0
12  3  1  0  4
13  3  3  1  1
14  8  0  0  0
15  3  0  1  4
16  6  1  1  0
17  8  0  0  0
//
ID  Lrp_17-50
P0  A  C  G  T
01  0  10  1  0
02  2  6  3  0
03  0  0  5  6
04  5  4  1  1
05  0  2  7  2
06  1  4  2  4
07  3  0  2  6
08  0  0  0  11
09  4  0  0  7
10  1  2  0  8
11  4  1  5  1
12  0  0  2  9
13  0  2  1  8
14  0  3  2  6
15  0  5  0  6
16  0  0  1  10
17  2  0  5  4
//
ID  MalT_9-2
P0  A  C  G  T
01  2  13  0  0
02  0  0  0  15
03  1  14  0  0
04  8  7  0  0
05  2  1  2  10
06  0  15  0  0
07  1  14  0  0
08  1  8  0  6
09  0  9  2  4
//
ID  MarA_19-11
P0  A  C  G  T
01  11  1  1  0
02  3  4  1  5
03  4  2  6  1
04  1  1  11  0
05  0  13  0  0
06  11  0  1  1
07  0  9  2  2
08  5  1  4  3
09  5  0  3  5
10  7  0  1  5
11  2  5  0  6
12  3  2  3  5
13  6  0  6  1
14  1  5  0  7
15  1  5  0  7
16  11  2  0  0
17  9  1  1  2
18  7  2  3  1
19  3  3  0  7
//
ID  MelR_20-3
P0  A  C  G  T
01  0  1  0  4
02  1  0  0  4
03  2  3  0  0
04  0  5  0  0
05  0  4  0  1
06  2  0  1  2
07  0  0  3  2
08  4  0  1  0
09  5  0  0  0
10  4  0  0  1
11  2  2  1  0
12  0  1  1  3
13  0  5  0  0
14  4  0  1  0
15  0  0  5  0
16  5  0  0  0
17  1  0  2  2
18  0  1  1  3
19  0  1  0  4
20  2  0  0  3
//
ID  MetJ_10-6
P0  A  C  G  T
01  4  10  0  2
02  0  0  0  16
03  6  0  6  4
04  2  1  10  3
05  14  2  0  0
06  0  10  0  6
07  2  1  11  2
08  0  2  1  13
09  0  12  1  3
10  0  3  0  13
//
ID  MetR_21-2
P0  A  C  G  T
01  2  0  1  0
02  1  0  0  2
03  0  2  1  0
04  3  0  0  0
05  0  0  0  3
06  0  0  3  0
07  2  1  0  0
08  2  0  1  0
09  3  0  0  0
10  1  0  1  1
11  0  0  0  3
12  0  1  0  2
13  0  1  1  1
14  0  0  0  3
15  0  0  0  3
16  0  3  0  0
17  3  0  0  0
18  1  2  0  0
19  0  1  0  2
20  1  0  0  2
21  0  2  0  1
//
ID  Mlc_26-2
P0  A  C  G  T
01  0  4  1  2
02  6  0  0  1
03  2  0  1  4
04  1  0  0  6
05  5  0  0  2
06  5  0  0  2
07  0  0  0  7
08  0  0  0  7
09  3  0  0  4
10  0  7  0  0
11  1  0  6  0
12  4  3  0  0
13  3  0  3  1
14  2  3  2  0
15  2  1  1  3
16  0  2  3  2
17  0  3  0  4
18  6  0  1  0
19  7  0  0  0
20  7  0  0  0
21  7  0  0  0
22  2  0  0  5
23  7  0  0  0
24  6  0  0  1
25  2  2  0  3
26  0  2  0  5
//
ID  ModE_28-3
P0  A  C  G  T
01  0  0  0  5
02  3  1  0  1
03  3  0  0  2
04  3  0  0  2
05  1  1  1  2
06  2  0  0  3
07  1  2  0  2
08  1  0  4  0
09  0  3  0  2
10  0  3  1  1
11  0  1  0  4
12  4  0  0  1
13  0  1  0  4
14  5  0  0  0
15  0  0  1  4
16  3  2  0  0
17  1  0  3  1
18  1  4  0  0
19  0  2  3  0
20  3  0  0  2
21  1  1  1  2
22  2  2  0  1
23  0  3  1  1
24  4  0  1  0
25  0  2  0  3
26  0  0  0  5
27  4  1  0  0
28  4  0  0  1
//
ID  IDc_16-4
P0  A  C  G  T
01  2  6  0  2
02  6  1  0  3
03  3  0  4  3
04  2  3  0  5
05  2  6  1  1
06  5  0  2  3
07  1  7  0  2
08  10  0  0  0
09  0  0  0  10
10  6  1  0  3
11  9  1  0  0
12  3  1  5  1
13  4  4  0  2
14  8  0  2  0
15  8  1  0  1
16  5  1  0  4
//
ID  IDgC_25-2
P0  A  C  G  T
01  0  2  0  8
02  8  1  0  1
03  4  1  0  5
04  0  0  0  10
05  0  0  0  10
06  0  5  0  5
07  6  1  3  0
08  1  4  1  4
09  1  2  6  1
10  5  1  1  3
11  3  2  0  5
12  3  0  3  4
13  3  7  0  0
14  4  0  5  1
15  10  0  0  0
16  10  0  0  0
17  7  0  0  3
18  4  0  0  6
19  9  0  0  1
20  5  0  0  5
21  1  2  6  1
22  3  1  0  6
23  3  2  3  2
24  1  4  3  2
25  3  0  0  7
//
ID  IDnR_6-5
P0  A  C  G  T
01  0  0  0  6
02  5  0  1  0
03  0  1  0  5
04  6  0  0  0
05  0  6  0  0
06  0  6  0  0
//
ID  IDrL_9-1
P0  A  C  G  T
01  0  0  0  22
02  20  1  1  0
03  1  18  0  3
04  0  22  0  0
05  0  10  5  7
06  14  8  0  0
07  1  1  4  16
08  13  7  2  0
09  6  1  5  10
//
ID  IDrL_9-36
P0  A  C  G  T
01  7  1  0  9
02  16  0  0  1
03  15  2  0  0
04  8  0  0  9
05  0  0  0  17
06  13  2  2  0
07  8  7  0  2
08  6  5  1  5
09  14  2  1  0
//
ID  IDrL_9-39
P0  A  C  G  T
01  8  0  1  13
02  19  0  1  2
03  16  2  4  0
04  0  0  14  8
05  0  1  18  3
06  18  0  4  0
07  0  0  18  4
08  0  2  0  20
09  21  0  0  1
//
ID  IDrL_9-3
P0  A  C  G  T
01  9  1  1  0
02  0  10  0  1
03  4  4  0  3
04  7  2  0  2
05  1  7  0  3
06  10  0  1  0
07  0  11  0  0
08  3  0  1  7
09  0  0  7  4
//
ID  IDrP_8-3
P0  A  C  G  T
01  9  2  2  1
02  2  0  9  3
03  4  2  7  1
04  3  1  10  0
05  0  0  13  1
06  0  1  0  13
07  14  0  0  0
08  1  0  6  7
//
ID  NorR_11-0
P0  A  C  G  T
01  0  0  3  0
02  0  0  0  3
03  0  3  0  0
04  2  0  1  0
05  3  0  0  0
06  1  0  0  2
07  2  0  0  1
08  0  0  0  3
09  0  0  3  0
10  3  0  0  0
11  0  3  0  0
//
ID  NtrC_20-4
P0  A  C  G  T
01  0  1  1  10
02  0  1  11  0
03  0  12  0  0
04  6  5  1  0
05  0  10  0  2
06  2  7  0  3
07  8  0  2  2
08  8  1  2  1
09  8  2  1  1
10  12  0  0  0
11  2  0  1  9
12  2  4  6  0
13  1  0  11  0
14  0  2  2  8
15  0  0  11  1
16  0  11  0  1
17  8  0  1  3
18  3  0  1  8
19  1  4  0  7
20  5  2  0  5
//
ID  NtrC_20-7
P0  A  C  G  T
01  3  0  0  0
02  1  0  0  2
03  0  2  1  0
04  3  0  0  0
05  0  0  0  3
06  0  0  2  1
07  0  2  0  1
08  1  1  1  0
09  1  2  0  0
10  3  0  0  0
11  0  2  0  1
12  0  2  1  0
13  2  0  1  0
14  0  0  0  3
15  0  1  2  0
16  0  0  3  0
17  0  1  0  2
18  0  0  3  0
19  0  3  0  0
20  3  0  0  0
//
ID  OmpR_17-11
P0  A  C  G  T
01  7  3  0  6
02  9  0  5  2
03  10  0  0  6
04  10  1  4  1
05  6  2  1  7
06  8  2  1  5
07  1  0  1  14
08  1  1  13  1
09  5  1  0  10
10  4  0  0  12
11  4  5  2  5
12  3  9  0  4
13  8  2  0  6
14  16  0  0  0
15  13  0  2  1
16  13  0  3  0
17  7  2  1  6
//
ID  OxyR_24-2
P0  A  C  G  T
01  4  4  0  1
02  0  0  6  3
03  5  0  3  1
04  0  1  0  8
05  3  2  0  4
06  3  1  1  4
07  3  1  0  5
08  7  0  1  1
09  2  7  0  0
10  0  8  0  1
11  1  0  1  7
12  8  0  1  0
13  0  0  0  9
14  0  7  0  2
15  2  0  6  1
16  4  5  0  0
17  5  1  0  3
18  3  1  0  5
19  3  1  0  5
20  6  1  2  0
21  8  0  1  0
22  2  0  0  7
23  4  2  1  2
24  2  0  6  1
//
ID  PhoB_27-11
P0  A  C  G  T
01  1  3  0  0
02  1  0  3  0
03  0  2  0  2
04  2  1  1  0
05  4  0  0  0
06  4  0  0  0
07  2  2  0  0
08  3  1  0  0
09  3  0  0  1
10  0  3  1  0
11  0  0  0  4
12  0  1  3  0
13  2  1  0  1
14  0  4  0  0
15  0  1  3  0
16  0  1  3  0
17  2  0  1  1
18  2  0  1  1
19  1  0  3  0
20  0  1  1  2
21  0  4  0  0
22  0  0  1  3
23  2  0  1  1
24  1  1  1  1
25  1  3  0  0
26  2  0  0  2
27  0  0  2  2
//
ID  PhoB_27-12
P0  A  C  G  T
01  0  1  0  11
02  3  0  3  6
03  0  0  1  11
04  4  4  0  4
05  7  1  0  4
06  1  3  1  7
07  8  3  0  1
08  6  2  0  4
09  8  2  0  2
10  4  2  1  5
11  2  10  0  0
12  2  0  0  10
13  0  0  10  2
14  4  0  0  8
15  3  8  0  1
16  12  0  0  0
17  0  4  0  8
18  9  2  0  1
19  8  0  0  4
20  9  1  0  2
21  7  0  1  4
22  2  7  1  2
23  2  1  0  9
24  1  0  9  2
25  2  0  0  10
26  3  6  1  2
27  9  0  1  2
//
ID  PhoP_18-1
P0  A  C  G  T
01  0  0  0  15
02  11  3  0  1
03  14  1  0  0
04  15  0  0  0
05  1  11  0  3
06  10  4  1  0
07  6  1  5  3
08  7  3  0  5
09  5  4  2  4
10  2  6  4  3
11  6  5  1  3
12  0  1  1  13
13  12  0  0  3
14  14  0  1  0
15  14  1  0  0
16  1  9  1  4
17  10  3  1  1
18  9  1  3  2
//
ID  PhoP_18-5
P0  A  C  G  T
01  0  2  0  1
02  0  0  0  3
03  0  1  2  0
04  2  1  0  0
05  3  0  0  0
06  0  0  2  1
07  2  1  0  0
08  1  0  2  0
09  0  0  0  3
10  0  0  1  2
11  3  0  0  0
12  3  0  0  0
13  0  3  0  0
14  3  0  0  0
15  1  2  0  0
16  0  1  2  0
17  0  0  0  3
18  1  0  2  0
//
ID  PurR_17-3
P0  A  C  G  T
01  10  1  3  1
02  1  9  2  3
03  0  0  15  0
04  0  14  1  0
05  15  0  0  0
06  15  0  0  0
07  13  1  0  1
08  2  13  0  0
09  1  0  14  0
10  3  1  2  9
11  0  0  2  13
12  1  0  1  13
13  4  1  3  7
14  0  15  0  0
15  2  6  5  2
16  2  2  2  9
17  1  3  1  10
//
ID  RcsB_13-7
P0  A  C  G  T
01  0  0  0  9
02  1  0  1  7
03  7  2  0  0
04  6  0  3  0
05  0  0  7  2
06  9  0  0  0
07  3  1  0  5
08  5  0  0  4
09  7  2  0  0
10  2  0  1  6
11  0  3  0  6
12  0  8  0  1
13  1  2  0  6
//
ID  RhaS_18-2
P0  A  C  G  T
01  3  0  0  1
02  0  2  0  2
03  1  3  0  0
04  1  0  0  3
05  0  0  0  4
06  0  1  1  2
07  0  3  0  1
08  0  3  1  0
09  0  2  2  0
10  0  1  0  3
11  0  0  2  2
12  2  0  2  0
13  0  1  0  3
14  0  0  0  4
15  0  0  4  0
16  1  3  0  0
17  0  4  0  0
18  3  0  1  0
//
ID  Rob_23-2
P0  A  C  G  T
01  0  0  1  5
02  0  0  6  0
03  4  0  0  2
04  6  0  0  0
05  3  1  1  1
06  3  1  1  1
07  0  1  2  3
08  1  2  3  0
09  2  1  0  3
10  1  0  0  5
11  2  0  0  4
12  6  0  0  0
13  0  1  1  4
14  1  3  2  0
15  4  2  0  0
16  5  0  1  0
17  4  1  0  1
18  1  3  1  1
19  0  4  2  0
20  1  1  2  2
21  0  1  2  3
22  0  1  3  2
23  2  3  1  0
//
ID  SoxS_19-4
P0  A  C  G  T
01  8  0  5  4
02  3  2  0  12
03  1  0  2  14
04  0  0  1  16
05  10  0  6  1
06  8  1  6  2
07  1  7  0  9
08  6  5  4  2
09  6  3  5  3
10  6  1  1  9
11  2  3  2  10
12  6  5  0  6
13  6  1  10  0
14  1  0  0  16
15  0  0  17  0
16  0  14  2  1
17  2  11  2  2
18  8  0  5  4
19  2  2  0  13
//
ID  TorR_10-5
P0  A  C  G  T
01  0  0  1  5
02  4  0  1  1
03  0  0  0  6
04  0  0  5  1
05  5  0  0  1
06  6  0  0  0
07  1  4  0  1
08  4  1  1  0
09  0  0  6  0
10  4  2  0  0
//
ID  TrpR_20-0
P0  A  C  G  T
01  1  0  0  4
02  0  1  0  4
03  0  0  5  0
04  1  0  0  4
05  5  0  0  0
06  0  5  0  0
07  0  0  0  5
08  3  2  0  0
09  0  0  5  0
10  1  1  0  3
11  0  0  2  3
12  3  0  0  2
13  4  0  1  0
14  2  3  0  0
15  0  0  1  4
16  3  0  2  0
17  0  0  5  0
18  0  0  0  5
19  4  0  1  0
20  0  4  0  1
//
ID  TyrR_19-5
P0  A  C  G  T
01  0  2  0  14
02  0  0  16  0
03  1  0  4  11
04  11  2  0  3
05  6  4  0  6
06  7  3  1  5
07  3  0  5  8
08  6  3  2  5
09  4  4  1  7
10  8  1  1  6
11  5  1  2  8
12  5  3  6  2
13  1  1  0  14
14  0  0  0  16
15  0  0  3  13
16  16  0  0  0
17  0  16  0  0
18  10  0  5  1
19  2  9  3  2
//
ID  UlaR_19-2
P0  A  C  G  T
01  0  1  1  2
02  0  0  2  2
03  0  0  0  4
04  0  4  0  0
05  4  0  0  0
06  2  1  1  0
07  2  0  1  1
08  2  0  0  2
09  0  1  1  2
10  0  0  1  3
11  4  0  0  0
12  4  0  0  0
13  0  0  0  4
14  0  4  0  0
15  4  0  0  0
16  2  1  0  1
17  3  0  0  1
18  4  0  0  0
19  1  2  0  1
//
ID  UxuR_14-2
P0  A  C  G  T
01  2  0  1  0
02  3  0  0  0
03  3  0  0  0
04  0  0  0  3
05  0  0  0  3
06  0  0  3  0
07  0  0  3  0
08  0  0  0  3
09  0  1  0  2
10  3  0  0  0
11  3  0  0  0
12  0  3  0  0
13  0  2  0  1
14  3  0  0  0
//
ID  XylR_17-3
P0  A  C  G  T
01  0  4  0  0
02  2  0  1  1
03  4  0  0  0
04  0  0  0  4
05  0  0  0  4
06  3  0  1  0
07  1  2  0  1
08  1  0  3  0
09  2  0  1  1
10  1  0  0  3
11  2  0  0  2
12  1  0  0  3
13  0  0  0  4
14  0  0  0  4
15  0  2  1  1
16  3  0  1  0
17  0  2  0  2
//
