0.0,0.000460617227084,0.96395200491
0.0,0.0207277752188,0.895784020424
0.000162495937602,0.0207277752188,0.895744681358
0.000162495937602,0.0368493781667,0.870549559593
0.000324991875203,0.0368493781667,0.870149374008
0.000324991875203,0.0566559189314,0.852826535702
0.000487487812805,0.0566559189314,0.852415919304
0.000487487812805,0.0631045601105,0.84404617548
0.000649983750406,0.0631045601105,0.844009697437
0.000649983750406,0.0769230769231,0.835007548332
0.000812479688008,0.0769230769231,0.834798157215
0.000812479688008,0.0842929525564,0.832613050938
0.000974975625609,0.0842929525564,0.832238078117
0.000974975625609,0.0944265315523,0.824531137943
0.00113747156321,0.0944265315523,0.824322581291
0.00113747156321,0.116075541225,0.815627098083
0.00129996750081,0.116075541225,0.81559753418
0.00129996750081,0.117918010134,0.814537584782
0.00146246343841,0.117918010134,0.814158439636
0.00146246343841,0.139567019807,0.804684937
0.00162495937602,0.139567019807,0.804671466351
0.00162495937602,0.140488254261,0.80376625061
0.00178745531362,0.140488254261,0.80376547575
0.00178745531362,0.141870105942,0.803595423698
0.00194995125122,0.141870105942,0.803592264652
0.00194995125122,0.145555043759,0.802724778652
0.00211244718882,0.145555043759,0.802601218224
0.00211244718882,0.178258866882,0.790243506432
0.00227494312642,0.178258866882,0.790194153786
0.00227494312642,0.188392445877,0.787268817425
0.00243743906402,0.188392445877,0.787013471127
0.00243743906402,0.19438046983,0.785269021988
0.00259993500162,0.19438046983,0.784900009632
0.00259993500162,0.206356517734,0.781331896782
0.00276243093923,0.206356517734,0.78131622076
0.00276243093923,0.206817134961,0.781198263168
0.00292492687683,0.206817134961,0.780814051628
0.00292492687683,0.209120221096,0.78015345335
0.00308742281443,0.209120221096,0.779954850674
0.00308742281443,0.211423307232,0.778939187527
0.00324991875203,0.211423307232,0.77879178524
0.00324991875203,0.211883924459,0.778700351715
0.00341241468963,0.211883924459,0.778462529182
0.00341241468963,0.213726393367,0.777852058411
0.00357491062723,0.213726393367,0.77762901783
0.00357491062723,0.215568862275,0.777412831783
0.00357491062723,0.21649009673,0.777340471745
0.00357491062723,0.220635651773,0.776319205761
0.00373740656484,0.220635651773,0.776291847229
0.00373740656484,0.222938737909,0.775624215603
0.00389990250244,0.222938737909,0.775447189808
0.00389990250244,0.223859972363,0.775295913219
0.00406239844004,0.223859972363,0.775113105774
0.00406239844004,0.22432058959,0.775015830994
0.00422489437764,0.22432058959,0.774957716465
0.00422489437764,0.226163058498,0.774382174015
0.00438739031524,0.226163058498,0.77403575182
0.00438739031524,0.23537540304,0.771755993366
0.00454988625284,0.23537540304,0.771744191647
0.00454988625284,0.239520958084,0.77053809166
0.00471238219045,0.239520958084,0.770413219929
0.00471238219045,0.241363426992,0.770003378391
0.00487487812805,0.241363426992,0.769731760025
0.00487487812805,0.244127130355,0.7687240839
0.00503737406565,0.244127130355,0.768701016903
0.00503737406565,0.253800092123,0.765160679817
0.00519987000325,0.253800092123,0.765134811401
0.00519987000325,0.256103178259,0.764708220959
0.00536236594085,0.256103178259,0.764644622803
0.00536236594085,0.257024412713,0.764456391335
0.00552486187845,0.257024412713,0.764407098293
0.00552486187845,0.258406264394,0.764135062695
0.00568735781605,0.258406264394,0.764025211334
0.00568735781605,0.266697374482,0.761789739132
0.00584985375366,0.266697374482,0.761619567871
0.00584985375366,0.267618608936,0.761456906796
0.00601234969126,0.267618608936,0.761411547661
0.00601234969126,0.270382312298,0.760737359524
0.00617484562886,0.270382312298,0.760513484478
0.00617484562886,0.275909719023,0.759184539318
0.00633734156646,0.275909719023,0.759130060673
0.00633734156646,0.277291570705,0.758581876755
0.00666233344166,0.277291570705,0.758458554745
0.00666233344166,0.280515891294,0.757986366749
0.00682482937927,0.280515891294,0.757920205593
0.00682482937927,0.282358360203,0.757301211357
0.00698732531687,0.282358360203,0.757249474525
0.00698732531687,0.284200829111,0.7568603158
0.00714982125447,0.284200829111,0.756795883179
0.00714982125447,0.284661446338,0.756647288799
0.00731231719207,0.284661446338,0.756618857384
0.00731231719207,0.292952556426,0.755135595798
0.00747481312967,0.292952556426,0.755112171173
0.00747481312967,0.293413173653,0.754975318909
0.00779980500487,0.293413173653,0.754811286926
0.00779980500487,0.29387379088,0.754754841328
0.00796230094248,0.29387379088,0.754487812519
0.00796230094248,0.295716259788,0.75425195694
0.00812479688008,0.295716259788,0.754137277603
0.00812479688008,0.296176877015,0.754101276398
0.00828729281768,0.296176877015,0.754095375538
0.00828729281768,0.296637494242,0.754086792469
0.00844978875528,0.296637494242,0.75405561924
0.00844978875528,0.297098111469,0.753917515278
0.00861228469288,0.297098111469,0.753777086735
0.00861228469288,0.297558728696,0.753656446934
0.00877478063048,0.297558728696,0.753538966179
0.00877478063048,0.298940580378,0.753270089626
0.00893727656809,0.298940580378,0.753153860569
0.00893727656809,0.303086135421,0.752611935139
0.00909977250569,0.303086135421,0.752348423004
0.00909977250569,0.305849838784,0.750991046429
0.00926226844329,0.305849838784,0.750952661037
0.00926226844329,0.309995393828,0.75061839819
0.00974975625609,0.309995393828,0.750260055065
0.00974975625609,0.310456011055,0.750039160252
0.0100747481313,0.310456011055,0.749616265297
0.0100747481313,0.311377245509,0.749506831169
0.0102372440689,0.311377245509,0.749358415604
0.0102372440689,0.313219714417,0.749140202999
0.0103997400065,0.313219714417,0.749016940594
0.0103997400065,0.315522800553,0.748612046242
0.0105622359441,0.315522800553,0.748504638672
0.0105622359441,0.31598341778,0.74832546711
0.0108872278193,0.31598341778,0.748193621635
0.0108872278193,0.319668355596,0.747517585754
0.0110497237569,0.319668355596,0.747496426105
0.0110497237569,0.323353293413,0.746269762516
0.0112122196945,0.323353293413,0.746260225773
0.0112122196945,0.327498848457,0.745412409306
0.0113747156321,0.327498848457,0.745380938053
0.0113747156321,0.327959465684,0.745257675648
0.0115372115697,0.327959465684,0.744949698448
0.0115372115697,0.328420082911,0.744817972183
0.0116997075073,0.328420082911,0.744713246822
0.0116997075073,0.341777982497,0.741820812225
0.0120246993825,0.341777982497,0.741383135319
0.0120246993825,0.342238599724,0.741221189499
0.0121871953201,0.342238599724,0.741182863712
0.0121871953201,0.344081068632,0.740828990936
0.0123496912577,0.344081068632,0.740828335285
0.0123496912577,0.347766006449,0.739657878876
0.0125121871953,0.347766006449,0.739644467831
0.0125121871953,0.34914785813,0.739266991615
0.0126746831329,0.34914785813,0.739188373089
0.0126746831329,0.349608475357,0.739154100418
0.0128371790705,0.349608475357,0.739129662514
0.0128371790705,0.351450944265,0.738062500954
0.0129996750081,0.351450944265,0.738055884838
0.0129996750081,0.356517733763,0.737309277058
0.0131621709457,0.356517733763,0.737181425095
0.0131621709457,0.357438968217,0.73693138361
0.0133246668833,0.357438968217,0.736791729927
0.0133246668833,0.359281437126,0.736626207829
0.0134871628209,0.359281437126,0.736603319645
0.0134871628209,0.359742054353,0.736546576023
0.0136496587585,0.359742054353,0.736533522606
0.0136496587585,0.361584523261,0.736103415489
0.0138121546961,0.361584523261,0.736072659492
0.0138121546961,0.362045140488,0.736060261726
0.0139746506337,0.362045140488,0.736050844193
0.0139746506337,0.362966374942,0.73565608263
0.0141371465713,0.362966374942,0.735643863678
0.0141371465713,0.364808843851,0.735300481319
0.0142996425089,0.364808843851,0.735266327858
0.0142996425089,0.367572547213,0.734820067883
0.0144621384465,0.367572547213,0.734751164913
0.0144621384465,0.372639336711,0.732755064964
0.0146246343841,0.372639336711,0.732707977295
0.0146246343841,0.377245508982,0.731852293015
0.0147871303217,0.377245508982,0.731535494328
0.0147871303217,0.37908797789,0.731049120426
0.0149496262593,0.37908797789,0.730919003487
0.0149496262593,0.380469829572,0.730766475201
0.0151121221969,0.380469829572,0.730756163597
0.0151121221969,0.381851681253,0.730712413788
0.0152746181345,0.381851681253,0.730561494827
0.0152746181345,0.383233532934,0.730250477791
0.0157621059474,0.383233532934,0.730087995529
0.0157621059474,0.383694150161,0.730011940002
0.0160870978226,0.383694150161,0.729734241962
0.0160870978226,0.386457853524,0.729532957077
0.0162495937602,0.386457853524,0.729531943798
0.0162495937602,0.388760939659,0.729036033154
0.0164120896978,0.388760939659,0.728976786137
0.0164120896978,0.390603408567,0.728714883327
0.0165745856354,0.390603408567,0.728660285473
0.0165745856354,0.391064025795,0.72848790884
0.016737081573,0.391064025795,0.728480637074
0.016737081573,0.391985260249,0.728315234184
0.0168995775106,0.391985260249,0.728266894817
0.0168995775106,0.393827729157,0.727978944778
0.0170620734482,0.393827729157,0.727929651737
0.0170620734482,0.397973284201,0.727392196655
0.0172245693858,0.397973284201,0.727366030216
0.0172245693858,0.402118839245,0.726632118225
0.0173870653234,0.402118839245,0.726535260677
0.0173870653234,0.402579456472,0.726424872875
0.017549561261,0.402579456472,0.726379990578
0.017549561261,0.405343159834,0.725876927376
0.0178745531362,0.405343159834,0.725789546967
0.0178745531362,0.408106863197,0.725261092186
0.0185245368866,0.408106863197,0.725086867809
0.0185245368866,0.409488714878,0.72492402792
0.0186870328242,0.409488714878,0.724863409996
0.0186870328242,0.411791801013,0.724624931812
0.0190120246994,0.411791801013,0.724493265152
0.0190120246994,0.41225241824,0.724460661411
0.019174520637,0.41225241824,0.724408626556
0.019174520637,0.412713035468,0.724344015121
0.0194995125122,0.412713035468,0.724177718163
0.0194995125122,0.415016121603,0.723759174347
0.0196620084498,0.415016121603,0.72354799509
0.0196620084498,0.420543528328,0.721952915192
0.0198245043874,0.420543528328,0.721939444542
0.0198245043874,0.421004145555,0.721837460995
0.019987000325,0.421004145555,0.721822798252
0.019987000325,0.421464762782,0.721822142601
0.0201494962626,0.421464762782,0.721693813801
0.0201494962626,0.424689083372,0.721182227135
0.0203119922002,0.424689083372,0.721168518066
0.0203119922002,0.429295255643,0.720020949841
0.0204744881378,0.429295255643,0.719951510429
0.0204744881378,0.430216490097,0.719914138317
0.020799480013,0.430216490097,0.719816803932
0.020799480013,0.431598341778,0.719467222691
0.0209619759506,0.431598341778,0.719461560249
0.0209619759506,0.432519576232,0.719420731068
0.0211244718882,0.432519576232,0.719347953796
0.0211244718882,0.434822662368,0.719023108482
0.0212869678258,0.434822662368,0.719012796879
0.0212869678258,0.436665131276,0.718820631504
0.021611959701,0.436665131276,0.718764722347
0.021611959701,0.43758636573,0.718702077866
0.0220994475138,0.43758636573,0.718616962433
0.0220994475138,0.438968217411,0.718510150909
0.0222619434514,0.438968217411,0.718447506428
0.0222619434514,0.439428834638,0.718175172806
0.0227494312642,0.439428834638,0.717944085598
0.0227494312642,0.439889451865,0.717920839787
0.0229119272018,0.439889451865,0.717908918858
0.0229119272018,0.441731920774,0.717627465725
0.0230744231394,0.441731920774,0.717483401299
0.0230744231394,0.442653155228,0.717317640781
0.023236919077,0.442653155228,0.717298328876
0.023236919077,0.444956241363,0.716805696487
0.0233994150146,0.444956241363,0.716750144958
0.0233994150146,0.448180561953,0.716341912746
0.0235619109522,0.448180561953,0.716213822365
0.0235619109522,0.453247351451,0.715371072292
0.0238869028274,0.453247351451,0.715337455273
0.0238869028274,0.454629203132,0.714763581753
0.024049398765,0.454629203132,0.714707791805
0.024049398765,0.456471672041,0.714326202869
0.0242118947026,0.456471672041,0.714316964149
0.0242118947026,0.457392906495,0.714196622372
0.0243743906402,0.457392906495,0.714158058167
0.0243743906402,0.458314140949,0.713903665543
0.0245368865778,0.458314140949,0.713817179203
0.0245368865778,0.458774758176,0.713798701763
0.024861878453,0.458774758176,0.713625192642
0.024861878453,0.461999078766,0.712914705276
0.0250243743906,0.461999078766,0.712762951851
0.0250243743906,0.462459695993,0.712525486946
0.0251868703282,0.462459695993,0.712525129318
0.0251868703282,0.46292031322,0.712408423424
0.0253493662658,0.46292031322,0.712404370308
0.0253493662658,0.463841547674,0.712402284145
0.0255118622034,0.463841547674,0.712114572525
0.0255118622034,0.464302164901,0.7121129632
0.0259993500162,0.464302164901,0.711870074272
0.0259993500162,0.466144633809,0.711674392223
0.0261618459539,0.466144633809,0.711667180061
0.0261618459539,0.466605251036,0.711604058743
0.0263243418915,0.466605251036,0.711589574814
0.0263243418915,0.467526485491,0.711497843266
0.0264868378291,0.467526485491,0.711441874504
0.0264868378291,0.467987102718,0.711376309395
0.0268118297043,0.467987102718,0.711251676083
0.0268118297043,0.469368954399,0.711138367653
0.0269743256419,0.469368954399,0.710833072662
0.0269743256419,0.469829571626,0.710782408714
0.0271368215795,0.469829571626,0.710621595383
0.0271368215795,0.470290188853,0.710620045662
0.0272993175171,0.470290188853,0.710555493832
0.0272993175171,0.471211423307,0.710432052612
0.0274618134547,0.471211423307,0.71039968729
0.0274618134547,0.476278212805,0.709675312042
0.0276243093923,0.476278212805,0.709667503834
0.0276243093923,0.477660064486,0.70960021019
0.0277868053299,0.477660064486,0.709427297115
0.0277868053299,0.478581298941,0.70937949419
0.0279493012675,0.478581298941,0.70895165205
0.0279493012675,0.479041916168,0.708912014961
0.0281117972051,0.479041916168,0.708775699139
0.0281117972051,0.483648088439,0.707976460457
0.0282742931427,0.483648088439,0.707602143288
0.0282742931427,0.485490557347,0.707401931286
0.0285992850179,0.485490557347,0.707346379757
0.0285992850179,0.486411791801,0.707144618034
0.0287617809555,0.486411791801,0.707092046738
0.0287617809555,0.488254260709,0.70650100708
0.0290867728307,0.488254260709,0.706394374371
0.0290867728307,0.489636112391,0.706329405308
0.0292492687683,0.489636112391,0.706226408482
0.0292492687683,0.490557346845,0.705954611301
0.0300617484563,0.490557346845,0.705735743046
0.0300617484563,0.491478581299,0.705571770668
0.0307117322067,0.491478581299,0.704990327358
0.0307117322067,0.492399815753,0.704897463322
0.0308742281443,0.492399815753,0.704802930355
0.0308742281443,0.493321050207,0.704442024231
0.0310367240819,0.493321050207,0.704357922077
0.0310367240819,0.497466605251,0.703477442265
0.0313617159571,0.497466605251,0.703461706638
0.0313617159571,0.498387839705,0.703441858292
0.0315242118947,0.498387839705,0.703377723694
0.0315242118947,0.500230308614,0.703068137169
0.0316867078323,0.500230308614,0.702968835831
0.0316867078323,0.50713956702,0.701455831528
0.0318492037699,0.50713956702,0.701438009739
0.0318492037699,0.508060801474,0.701214909554
0.0320116997075,0.508060801474,0.701168179512
0.0320116997075,0.509903270382,0.700777351856
0.0321741956451,0.509903270382,0.700538039207
0.0321741956451,0.511285122064,0.70010882616
0.0323366915827,0.511285122064,0.700011789799
0.0323366915827,0.511745739291,0.699992835522
0.0324991875203,0.511745739291,0.699977874756
0.0324991875203,0.513588208199,0.699846982956
0.0328241793955,0.513588208199,0.699720323086
0.0328241793955,0.515430677107,0.699611842632
0.0329866753331,0.515430677107,0.699555516243
0.0329866753331,0.516351911561,0.699424505234
0.0331491712707,0.516351911561,0.699409067631
0.0331491712707,0.518654997697,0.698672771454
0.0336366590835,0.518654997697,0.698193788528
0.0336366590835,0.521879318287,0.697931826115
0.0337991550211,0.521879318287,0.697872102261
0.0337991550211,0.522800552741,0.697776436806
0.0339616509587,0.522800552741,0.697701573372
0.0339616509587,0.524182404422,0.697226524353
0.0341241468963,0.524182404422,0.697192788124
0.0341241468963,0.525103638876,0.696814358234
0.0344491387715,0.525103638876,0.696610271931
0.0344491387715,0.525564256103,0.696477353573
0.0346116347091,0.525564256103,0.696394741535
0.0346116347091,0.526485490557,0.69613724947
0.0347741306467,0.526485490557,0.696129858494
0.0347741306467,0.526946107784,0.696095764637
0.0349366265843,0.526946107784,0.696061909199
0.0349366265843,0.527406725012,0.696004033089
0.0350991225219,0.527406725012,0.695996761322
0.0350991225219,0.528327959466,0.695952653885
0.0352616184595,0.528327959466,0.695891797543
0.0352616184595,0.528788576693,0.695890188217
0.0355866103347,0.528788576693,0.695748507977
0.0355866103347,0.529709811147,0.695689857006
0.0360740981475,0.529709811147,0.695587098598
0.0360740981475,0.530170428374,0.695581495762
0.0362365940851,0.530170428374,0.695448040962
0.0362365940851,0.531552280055,0.695174098015
0.0365615859604,0.531552280055,0.695034503937
0.0365615859604,0.532012897282,0.694969236851
0.036724081898,0.532012897282,0.694956302643
0.036724081898,0.532934131737,0.694905102253
0.0370490737732,0.532934131737,0.69474452734
0.0370490737732,0.536158452326,0.693960547447
0.037536561586,0.536158452326,0.693683028221
0.037536561586,0.536619069553,0.693627357483
0.0376990575236,0.536619069553,0.693618237972
0.0376990575236,0.53707968678,0.693536639214
0.0380240493988,0.53707968678,0.693435192108
0.0380240493988,0.538000921234,0.693221330643
0.0385115372116,0.538000921234,0.692945599556
0.0385115372116,0.538922155689,0.692860543728
0.0386740331492,0.538922155689,0.692775309086
0.0386740331492,0.541225241824,0.692503273487
0.0388365290868,0.541225241824,0.692484974861
0.0388365290868,0.544910179641,0.691925406456
0.0389990250244,0.544910179641,0.691877424717
0.0389990250244,0.546752648549,0.691573381424
0.0393240168996,0.546752648549,0.691522300243
0.0393240168996,0.54813450023,0.691377520561
0.0394865128372,0.54813450023,0.691313326359
0.0394865128372,0.549055734684,0.691291451454
0.0398115047124,0.549055734684,0.691249549389
0.0398115047124,0.549976969139,0.691181540489
0.03997400065,0.549976969139,0.691179513931
0.03997400065,0.55135882082,0.69061923027
0.0402989925252,0.55135882082,0.690576970577
0.0402989925252,0.552740672501,0.690406858921
0.0404614884628,0.552740672501,0.690303206444
0.0404614884628,0.553201289728,0.690217316151
0.0406239844004,0.553201289728,0.69010668993
0.0406239844004,0.553661906955,0.68997323513
0.040786480338,0.553661906955,0.689946174622
0.040786480338,0.554583141409,0.689747810364
0.0409489762756,0.554583141409,0.689547777176
0.0409489762756,0.555043758637,0.689531505108
0.0412739681508,0.555043758637,0.689421117306
0.0412739681508,0.556425610318,0.689003407955
0.041598960026,0.556425610318,0.688972294331
0.041598960026,0.556886227545,0.688673138618
0.0422489437764,0.556886227545,0.68851852417
0.0422489437764,0.557346844772,0.688510596752
0.042411439714,0.557346844772,0.688490092754
0.042411439714,0.558268079226,0.688227117062
0.0425739356516,0.558268079226,0.688184201717
0.0425739356516,0.558728696453,0.688184022903
0.0428989275268,0.558728696453,0.688152253628
0.0428989275268,0.55918931368,0.688138782978
0.0430614234644,0.55918931368,0.688076972961
0.0430614234644,0.559649930907,0.688003659248
0.043223919402,0.559649930907,0.687967896461
0.043223919402,0.560571165362,0.687955498695
0.0433864153396,0.560571165362,0.687883675098
0.0433864153396,0.561031782589,0.687878131866
0.0435489112772,0.561031782589,0.687861561775
0.0435489112772,0.561492399816,0.687861442566
0.0441988950276,0.561492399816,0.687497854233
0.0441988950276,0.56241363427,0.68747574091
0.0445238869028,0.56241363427,0.6872356534
0.0445238869028,0.562874251497,0.687170863152
0.0450113747156,0.562874251497,0.687017679214
0.0450113747156,0.566098572087,0.686514258385
0.0451738706532,0.566098572087,0.686480939388
0.0451738706532,0.566559189314,0.686299562454
0.0458238544036,0.566559189314,0.686007857323
0.0458238544036,0.567019806541,0.686007738113
0.0459863503412,0.567019806541,0.685975134373
0.0459863503412,0.567941040995,0.685633063316
0.0461488462788,0.567941040995,0.685630917549
0.0461488462788,0.568401658222,0.685498952866
0.0463113422164,0.568401658222,0.685336649418
0.0463113422164,0.57024412713,0.684918403625
0.046473838154,0.57024412713,0.684910714626
0.046473838154,0.571165361585,0.684847593307
0.0469613259669,0.571165361585,0.684820353985
0.0469613259669,0.572086596039,0.684708654881
0.0472863178421,0.572086596039,0.684696376324
0.0472863178421,0.573929064947,0.684151470661
0.0474488137797,0.573929064947,0.684082746506
0.0474488137797,0.574389682174,0.684052467346
0.0476113097173,0.574389682174,0.683728277683
0.0476113097173,0.577153385537,0.683299660683
0.0477738056549,0.577153385537,0.683260262012
0.0477738056549,0.577614002764,0.68321377039
0.0479363015925,0.577614002764,0.683193266392
0.0479363015925,0.578995854445,0.682991921902
0.0480987975301,0.578995854445,0.682968258858
0.0480987975301,0.579917088899,0.682509422302
0.0482612934677,0.579917088899,0.682467162609
0.0482612934677,0.580838323353,0.682400226593
0.0485862853429,0.580838323353,0.682296276093
0.0485862853429,0.583602026716,0.682070672512
0.0487487812805,0.583602026716,0.681967079639
0.0487487812805,0.584062643943,0.681916236877
0.0489112772181,0.584062643943,0.681887924671
0.0489112772181,0.586365730078,0.681347072124
0.0490737731557,0.586365730078,0.681301951408
0.0490737731557,0.586826347305,0.681300342083
0.0493987650309,0.586826347305,0.681271612644
0.0493987650309,0.587286964532,0.681053459644
0.0497237569061,0.587286964532,0.681033492088
0.0497237569061,0.58774758176,0.681008636951
0.0498862528437,0.58774758176,0.680942237377
0.0498862528437,0.588668816214,0.680867671967
0.0503737406565,0.588668816214,0.680770218372
0.0503737406565,0.589590050668,0.680682599545
0.0508612284693,0.589590050668,0.680642306805
0.0508612284693,0.590050667895,0.680618703365
0.0510237244069,0.590050667895,0.680613696575
0.0510237244069,0.590511285122,0.680559396744
0.0511862203445,0.590511285122,0.68054574728
0.0511862203445,0.590971902349,0.680507600307
0.0513487162821,0.590971902349,0.680475592613
0.0513487162821,0.591432519576,0.680379986763
0.0515112122197,0.591432519576,0.680143654346
0.0515112122197,0.59235375403,0.67997688055
0.0516737081573,0.59235375403,0.679825305939
0.0516737081573,0.592814371257,0.679783821106
0.0521611959701,0.592814371257,0.679473996162
0.0521611959701,0.593274988485,0.679401040077
0.0524861878453,0.593274988485,0.679288327694
0.0524861878453,0.594196222939,0.679192960262
0.0526486837829,0.594196222939,0.679022908211
0.0526486837829,0.594656840166,0.678894281387
0.0528111797205,0.594656840166,0.678831636906
0.0528111797205,0.595117457393,0.67871427536
0.0534611634709,0.595117457393,0.678281545639
0.0534611634709,0.59557807462,0.678270697594
0.0536236594085,0.59557807462,0.678240060806
0.0536236594085,0.596038691847,0.678167939186
0.0537861553461,0.596038691847,0.678045988083
0.0537861553461,0.596499309074,0.677743554115
0.0539486512837,0.596499309074,0.677705347538
0.0539486512837,0.596959926301,0.677668392658
0.0542736431589,0.596959926301,0.677566587925
0.0542736431589,0.599723629664,0.677368700504
0.0544361390965,0.599723629664,0.677363157272
0.0544361390965,0.600184246891,0.677221298218
0.0545986350341,0.600184246891,0.677201092243
0.0545986350341,0.601566098572,0.677002906799
0.0550861228469,0.601566098572,0.676690876484
0.0550861228469,0.602026715799,0.676566660404
0.0552486187845,0.602026715799,0.676545858383
0.0552486187845,0.602487333026,0.676497519016
0.0554111147221,0.602487333026,0.676470220089
0.0554111147221,0.602947950253,0.676450788975
0.0555736106597,0.602947950253,0.676410615444
0.0555736106597,0.60340856748,0.67635512352
0.0557361065973,0.60340856748,0.676349639893
0.0557361065973,0.603869184708,0.676279723644
0.0558986025349,0.603869184708,0.676252245903
0.0558986025349,0.604329801935,0.676238179207
0.0562235944101,0.604329801935,0.676008880138
0.0562235944101,0.605711653616,0.675905823708
0.0565485862853,0.605711653616,0.675753176212
0.0565485862853,0.607093505297,0.675547778606
0.0568735781605,0.607093505297,0.675524353981
0.0568735781605,0.607554122524,0.675485432148
0.0570360740981,0.607554122524,0.675400316715
0.0570360740981,0.608475356978,0.675298750401
0.0571985700357,0.608475356978,0.67525613308
0.0571985700357,0.608935974205,0.675218462944
0.0573610659734,0.608935974205,0.675044536591
0.0573610659734,0.609396591433,0.674999833107
0.0578485537862,0.609396591433,0.674843072891
0.0578485537862,0.610317825887,0.674772918224
0.0581735456614,0.610317825887,0.674672365189
0.0581735456614,0.611239060341,0.674590408802
0.058336041599,0.611239060341,0.674554884434
0.058336041599,0.612620912022,0.674478054047
0.0586610334742,0.612620912022,0.674397170544
0.0586610334742,0.613081529249,0.674210965633
0.0588235294118,0.613081529249,0.674138844013
0.0588235294118,0.614923998158,0.67394721508
0.059148521287,0.614923998158,0.673829674721
0.059148521287,0.615384615385,0.673673927784
0.0593110172246,0.615384615385,0.673663079739
0.0593110172246,0.61768770152,0.673453330994
0.0594735131622,0.61768770152,0.673402011395
0.0594735131622,0.618148318747,0.673213303089
0.0596360090998,0.618148318747,0.67304444313
0.0596360090998,0.620451404883,0.672524929047
0.0601234969126,0.620451404883,0.672450661659
0.0601234969126,0.62091202211,0.672434568405
0.0602859928502,0.62091202211,0.672395050526
0.0602859928502,0.622293873791,0.672141253948
0.0606109847254,0.622293873791,0.67196816206
0.0606109847254,0.624136342699,0.671566605568
0.060773480663,0.624136342699,0.67142188549
0.060773480663,0.62551819438,0.670987963676
0.0609359766006,0.62551819438,0.670895457268
0.0609359766006,0.627360663289,0.670729637146
0.0610984725382,0.627360663289,0.670691490173
0.0610984725382,0.627821280516,0.670610189438
0.0612609684758,0.627821280516,0.670602381229
0.0612609684758,0.628281897743,0.670585751534
0.061585960351,0.628281897743,0.67054772377
0.061585960351,0.62874251497,0.670477926731
0.0617484562886,0.62874251497,0.670379221439
0.0617484562886,0.631506218333,0.669848322868
0.0619109522262,0.631506218333,0.669841885567
0.0619109522262,0.63196683556,0.669828772545
0.0627234319142,0.63196683556,0.669168412685
0.0627234319142,0.632427452787,0.669003009796
0.0628859278518,0.632427452787,0.668967485428
0.0628859278518,0.632888070014,0.668929517269
0.0630484237894,0.632888070014,0.668923139572
0.0630484237894,0.633348687241,0.668786525726
0.063210919727,0.633348687241,0.668762207031
0.063210919727,0.634269921695,0.668661832809
0.0635359116022,0.634269921695,0.668443739414
0.0635359116022,0.635651773376,0.668020665646
0.0636984075398,0.635651773376,0.667830884457
0.0636984075398,0.63657300783,0.667788028717
0.064023399415,0.63657300783,0.667738139629
0.064023399415,0.637494242285,0.667438447475
0.0641858953526,0.637494242285,0.667299151421
0.0641858953526,0.640257945647,0.666789472103
0.0643483912902,0.640257945647,0.666578114033
0.0643483912902,0.641179180101,0.666473329067
0.0645108872278,0.641179180101,0.666340768337
0.0645108872278,0.641639797328,0.666250050068
0.0646733831654,0.641639797328,0.666114211082
0.0646733831654,0.642561031783,0.666043639183
0.0649983750406,0.642561031783,0.665931642056
0.0649983750406,0.643942883464,0.665874481201
0.0651608709782,0.643942883464,0.665863573551
0.0651608709782,0.644403500691,0.665808200836
0.0658108547286,0.644403500691,0.665451169014
0.0658108547286,0.645785352372,0.665200471878
0.0659733506662,0.645785352372,0.665178120136
0.0659733506662,0.646245969599,0.665164291859
0.0661358466038,0.646245969599,0.665123701096
0.0661358466038,0.646706586826,0.665054440498
0.0662983425414,0.646706586826,0.665053248405
0.0662983425414,0.648549055735,0.664794802666
0.0667858303542,0.648549055735,0.664636850357
0.0667858303542,0.65085214187,0.664295911789
0.0669483262918,0.65085214187,0.664120316505
0.0669483262918,0.653155228006,0.663916647434
0.0675983100422,0.653155228006,0.663841485977
0.0675983100422,0.655458314141,0.663737714291
0.0685732856679,0.655458314141,0.662838816643
0.0685732856679,0.656379548595,0.662731409073
0.0692232694183,0.656379548595,0.662401139736
0.0692232694183,0.657300783049,0.66233587265
0.0698732531687,0.657300783049,0.661920487881
0.0698732531687,0.657761400276,0.661841154099
0.0703607409815,0.657761400276,0.661747813225
0.0703607409815,0.658222017503,0.661706149578
0.0705232369191,0.658222017503,0.661691427231
0.0705232369191,0.658682634731,0.661458730698
0.0708482287943,0.658682634731,0.661354959011
0.0708482287943,0.659603869185,0.661259233952
0.0714982125447,0.659603869185,0.660883307457
0.0714982125447,0.660525103639,0.66083163023
0.0718232044199,0.660525103639,0.660760402679
0.0718232044199,0.660985720866,0.660695552826
0.0719857003575,0.660985720866,0.660695195198
0.0719857003575,0.661446338093,0.660490334034
0.0723106922327,0.661446338093,0.660345256329
0.0723106922327,0.662828189774,0.659949362278
0.0726356841079,0.662828189774,0.659874856472
0.0726356841079,0.663288807001,0.659873962402
0.0731231719207,0.663288807001,0.659608244896
0.0731231719207,0.663749424228,0.659589707851
0.0734481637959,0.663749424228,0.659575283527
0.0734481637959,0.66513127591,0.659328281879
0.0736106597335,0.66513127591,0.659183263779
0.0736106597335,0.665591893137,0.659165263176
0.0737731556711,0.665591893137,0.659134864807
0.0737731556711,0.667434362045,0.659113645554
0.0739356516087,0.667434362045,0.659086108208
0.0739356516087,0.668355596499,0.658862769604
0.0740981475463,0.668355596499,0.658752202988
0.0740981475463,0.668816213726,0.658741116524
0.0742606434839,0.668816213726,0.658707261086
0.0742606434839,0.669276830953,0.658692598343
0.0744231394215,0.669276830953,0.65859246254
0.0744231394215,0.669737448181,0.658438384533
0.0747481312967,0.669737448181,0.658244013786
0.0747481312967,0.670198065408,0.658238172531
0.0752356191095,0.670198065408,0.658114671707
0.0752356191095,0.671119299862,0.657946050167
0.0755606109847,0.671119299862,0.657840073109
0.0755606109847,0.671579917089,0.657839953899
0.0757231069223,0.671579917089,0.657815992832
0.0757231069223,0.67296176877,0.657650768757
0.0758856028599,0.67296176877,0.657598614693
0.0758856028599,0.673422385997,0.657559812069
0.0762105947351,0.673422385997,0.657524883747
0.0762105947351,0.674343620451,0.657125294209
0.0768605784855,0.674343620451,0.656852006912
0.0768605784855,0.677107323814,0.65643787384
0.0779980500487,0.677107323814,0.656028866768
0.0779980500487,0.678028558268,0.655898869038
0.0784855378616,0.678028558268,0.655872106552
0.0784855378616,0.678489175495,0.655858695507
0.0786480337992,0.678489175495,0.65581536293
0.0786480337992,0.678949792722,0.65579855442
0.0788105297368,0.678949792722,0.655797362328
0.0788105297368,0.679410409949,0.655554771423
0.079135521612,0.679410409949,0.655477762222
0.079135521612,0.679871027176,0.655463039875
0.0797855053624,0.679871027176,0.65506786108
0.0797855053624,0.680331644404,0.655031681061
0.0799480013,0.680331644404,0.654729902744
0.0799480013,0.680792261631,0.65472060442
0.0805979850504,0.680792261631,0.654536366463
0.0805979850504,0.681252878858,0.654423713684
0.080760480988,0.681252878858,0.654405474663
0.080760480988,0.681713496085,0.654226064682
0.0809229769256,0.681713496085,0.654164552689
0.0809229769256,0.682174113312,0.654117584229
0.0810854728632,0.682174113312,0.654089331627
0.0810854728632,0.683095347766,0.653944015503
0.0812479688008,0.683095347766,0.65385633707
0.0812479688008,0.683555964993,0.653684914112
0.0814104647384,0.683555964993,0.653475701809
0.0814104647384,0.685398433901,0.653198957443
0.0817354566136,0.685398433901,0.653158247471
0.0817354566136,0.685859051129,0.65311473608
0.0818979525512,0.685859051129,0.653106689453
0.0818979525512,0.686319668356,0.653030216694
0.0822229444264,0.686319668356,0.65285629034
0.0822229444264,0.686780285583,0.652853727341
0.082385440364,0.686780285583,0.652788221836
0.082385440364,0.687701520037,0.652638375759
0.0825479363016,0.687701520037,0.652626693249
0.0825479363016,0.688162137264,0.652589261532
0.0828729281768,0.688162137264,0.652247786522
0.0828729281768,0.688622754491,0.652230739594
0.0830354241144,0.688622754491,0.652206540108
0.0830354241144,0.690925840626,0.652002871037
0.0833604159896,0.690925840626,0.651854813099
0.0833604159896,0.691386457854,0.651813447475
0.0835229119272,0.691386457854,0.651810407639
0.0835229119272,0.692768309535,0.651722252369
0.0836854078648,0.692768309535,0.65166002512
0.0836854078648,0.693228926762,0.651548564434
0.0838479038024,0.693228926762,0.651535511017
0.0838479038024,0.693689543989,0.651512861252
0.0849853753656,0.693689543989,0.651272833347
0.0849853753656,0.694610778443,0.651235163212
0.085635359116,0.694610778443,0.651088833809
0.085635359116,0.695532012897,0.651034474373
0.0857978550536,0.695532012897,0.651033699512
0.0857978550536,0.695992630124,0.650967776775
0.0861228469288,0.695992630124,0.650933146477
0.0861228469288,0.696453247351,0.650809109211
0.0862853428664,0.696453247351,0.650785148144
0.0862853428664,0.698756333487,0.650604367256
0.0866103347416,0.698756333487,0.650549590588
0.0866103347416,0.700138185168,0.650475740433
0.0867728306792,0.700138185168,0.650414586067
0.0867728306792,0.701059419622,0.65024471283
0.0869353266168,0.701059419622,0.650240182877
0.0869353266168,0.701520036849,0.650153696537
0.0870978225544,0.701520036849,0.650141119957
0.0870978225544,0.701980654076,0.650100708008
0.0874228144296,0.701980654076,0.650072097778
0.0874228144296,0.702441271304,0.650029957294
0.0877478063048,0.702441271304,0.649992346764
0.0877478063048,0.703362505758,0.649804592133
0.0890477738057,0.703362505758,0.64928907156
0.0890477738057,0.703823122985,0.64905411005
0.0898602534937,0.703823122985,0.648819029331
0.0898602534937,0.705204974666,0.648626983166
0.0900227494313,0.705204974666,0.648601472378
0.0900227494313,0.705665591893,0.648486733437
0.0901852453689,0.705665591893,0.648486495018
0.0901852453689,0.70612620912,0.648422658443
0.0903477413065,0.70612620912,0.648367583752
0.0903477413065,0.707047443574,0.648337185383
0.0905102372441,0.707047443574,0.648317575455
0.0905102372441,0.708429295256,0.648237764835
0.0909977250569,0.708429295256,0.647996425629
0.0909977250569,0.70935052971,0.647824704647
0.0911602209945,0.70935052971,0.647807300091
0.0911602209945,0.710271764164,0.647601723671
0.0913227169321,0.710271764164,0.647484719753
0.0913227169321,0.711192998618,0.647398471832
0.0916477088073,0.711192998618,0.647313177586
0.0916477088073,0.712114233072,0.647179543972
0.0918102047449,0.712114233072,0.646986782551
0.0918102047449,0.712574850299,0.646781146526
0.0924601884953,0.712574850299,0.646215617657
0.0924601884953,0.713035467526,0.646161973476
0.0929476763081,0.713035467526,0.646050691605
0.0929476763081,0.713956701981,0.64604473114
0.0931101722457,0.713956701981,0.645947754383
0.0931101722457,0.715799170889,0.645635426044
0.0935976600585,0.715799170889,0.645553708076
0.0935976600585,0.718562874251,0.645046651363
0.0940851478713,0.718562874251,0.644861936569
0.0940851478713,0.72040534316,0.644587874413
0.0944101397465,0.72040534316,0.644357085228
0.0944101397465,0.720865960387,0.644339323044
0.0947351316217,0.720865960387,0.644324958324
0.0947351316217,0.721326577614,0.64428794384
0.0950601234969,0.721326577614,0.644142687321
0.0950601234969,0.721787194841,0.644135057926
0.0955476113097,0.721787194841,0.643950223923
0.0955476113097,0.724090280977,0.643498718739
0.0957101072473,0.724090280977,0.643434524536
0.0957101072473,0.724550898204,0.643411278725
0.0960350991225,0.724550898204,0.643360495567
0.0960350991225,0.725472132658,0.643224835396
0.0963600909977,0.725472132658,0.643113255501
0.0963600909977,0.725932749885,0.642859101295
0.0965225869353,0.725932749885,0.642826974392
0.0965225869353,0.727314601566,0.642668247223
0.0966850828729,0.727314601566,0.642659425735
0.0966850828729,0.727775218793,0.642477631569
0.0976600584985,0.727775218793,0.64212667942
0.0976600584985,0.729157070474,0.64194560051
0.0979850503737,0.729157070474,0.641833841801
0.0979850503737,0.730078304929,0.641801416874
0.0981475463113,0.730078304929,0.641721427441
0.0981475463113,0.730538922156,0.641671359539
0.0986350341241,0.730538922156,0.641540050507
0.0986350341241,0.731920773837,0.641376852989
0.0989600259994,0.731920773837,0.641345083714
0.0989600259994,0.732381391064,0.641259133816
0.099122521937,0.732381391064,0.641205072403
0.099122521937,0.732842008291,0.641204118729
0.0996100097498,0.732842008291,0.641056597233
0.0996100097498,0.734223859972,0.640853345394
0.1002599935,0.734223859972,0.640597820282
0.1002599935,0.734684477199,0.640383064747
0.100422489438,0.734684477199,0.640370309353
0.100422489438,0.735145094427,0.640312433243
0.100584985375,0.735145094427,0.640251874924
0.100584985375,0.735605711654,0.640199482441
0.100747481313,0.735605711654,0.640150129795
0.100747481313,0.736066328881,0.640120208263
0.101234969126,0.736066328881,0.639868855476
0.101234969126,0.736526946108,0.639851987362
0.101397465063,0.736526946108,0.639796376228
0.101397465063,0.736987563335,0.639777898788
0.101722456939,0.736987563335,0.639678299427
0.101722456939,0.737448180562,0.639631450176
0.101884952876,0.737448180562,0.639619410038
0.101884952876,0.738830032243,0.639418721199
0.102047448814,0.738830032243,0.639296889305
0.102047448814,0.73929064947,0.639163911343
0.102209944751,0.73929064947,0.639127850533
0.102209944751,0.739751266697,0.639104962349
0.102372440689,0.739751266697,0.639013826847
0.102372440689,0.740211883924,0.639004290104
0.102534936627,0.740211883924,0.638983607292
0.102534936627,0.740672501152,0.638845145702
0.103509912252,0.740672501152,0.63828265667
0.103509912252,0.741133118379,0.638244271278
0.103997400065,0.741133118379,0.637770414352
0.103997400065,0.741593735606,0.637665092945
0.10432239194,0.741593735606,0.63756275177
0.10432239194,0.742054352833,0.637551963329
0.106597335067,0.742054352833,0.636875033379
0.106597335067,0.74251497006,0.636762320995
0.106759831004,0.74251497006,0.636567890644
0.106759831004,0.743896821741,0.636502146721
0.107897302567,0.743896821741,0.635911345482
0.107897302567,0.744357438968,0.635907649994
0.108222294443,0.744357438968,0.635887026787
0.108222294443,0.745278673422,0.63560718298
0.108547286318,0.745278673422,0.635430037975
0.108547286318,0.745739290649,0.635385155678
0.108709782255,0.745739290649,0.635376870632
0.108709782255,0.746199907877,0.635358691216
0.109684757881,0.746199907877,0.635191559792
0.109684757881,0.746660525104,0.635174572468
0.109847253819,0.746660525104,0.635134458542
0.109847253819,0.747121142331,0.635019958019
0.110984725382,0.747121142331,0.634002149105
0.110984725382,0.747581759558,0.633937180042
0.111309717257,0.747581759558,0.633824050426
0.111309717257,0.748502994012,0.633577287197
0.111634709132,0.748502994012,0.633438110352
0.111634709132,0.749884845693,0.633264839649
0.112284692883,0.749884845693,0.633089661598
0.112284692883,0.75034546292,0.633013248444
0.11244718882,0.75034546292,0.632930159569
0.11244718882,0.750806080147,0.632881939411
0.112772180695,0.750806080147,0.632856190205
0.112772180695,0.751266697374,0.632770001888
0.113097172571,0.751266697374,0.632477343082
0.113097172571,0.751727314602,0.632404208183
0.113422164446,0.751727314602,0.63232666254
0.113422164446,0.752187931829,0.632300674915
0.113584660383,0.752187931829,0.632250785828
0.113584660383,0.752648549056,0.632030844688
0.113747156321,0.752648549056,0.632009804249
0.113747156321,0.753109166283,0.631953418255
0.113909652259,0.753109166283,0.631808042526
0.113909652259,0.75356978351,0.631799340248
0.114234644134,0.75356978351,0.63174200058
0.114234644134,0.754951635191,0.631520152092
0.114397140071,0.754951635191,0.631492078304
0.114397140071,0.755412252418,0.631429314613
0.114722131947,0.755412252418,0.631128966808
0.114722131947,0.755872869645,0.631108403206
0.11520961976,0.755872869645,0.6309273839
0.11520961976,0.756794104099,0.630881249905
0.115372115697,0.756794104099,0.630852341652
0.115372115697,0.757254721327,0.63079059124
0.11650958726,0.757254721327,0.630608320236
0.11650958726,0.757715338554,0.630588471889
0.116672083198,0.757715338554,0.63036942482
0.116672083198,0.758175955781,0.630342483521
0.118134546636,0.758175955781,0.62978464365
0.118134546636,0.758636573008,0.629770815372
0.118622034449,0.758636573008,0.629554152489
0.118622034449,0.759097190235,0.629520654678
0.118784530387,0.759097190235,0.629483401775
0.118784530387,0.760018424689,0.629449188709
0.118947026324,0.760018424689,0.629448056221
0.118947026324,0.76140027637,0.62933754921
0.119597010075,0.76140027637,0.629209756851
0.119597010075,0.762321510825,0.628761410713
0.1205719857,0.762321510825,0.628471791744
0.1205719857,0.762782128052,0.628419160843
0.121384465388,0.762782128052,0.628295600414
0.121384465388,0.763242745279,0.628229379654
0.122196945076,0.763242745279,0.627980828285
0.122196945076,0.763703362506,0.627953767776
0.122846928827,0.763703362506,0.62769651413
0.122846928827,0.76462459696,0.627585351467
0.12333441664,0.76462459696,0.62751609087
0.12333441664,0.765085214187,0.627447962761
0.12463438414,0.765085214187,0.626984775066
0.12463438414,0.765545831414,0.626934468746
0.125121871953,0.765545831414,0.626749634743
0.125121871953,0.766467065868,0.62665772438
0.125284367891,0.766467065868,0.626642942429
0.125284367891,0.766927683095,0.626597881317
0.126259343516,0.766927683095,0.626292586327
0.126259343516,0.768770152004,0.626079380512
0.126421839454,0.768770152004,0.626023292542
0.126421839454,0.769230769231,0.625929415226
0.126909327267,0.769230769231,0.625556886196
0.126909327267,0.769691386458,0.625443100929
0.127071823204,0.769691386458,0.62527936697
0.127071823204,0.770152003685,0.625239312649
0.12739681508,0.770152003685,0.624976754189
0.12739681508,0.770612620912,0.624965667725
0.128859278518,0.770612620912,0.624247789383
0.128859278518,0.771073238139,0.624123990536
0.129509262268,0.771073238139,0.623907744884
0.129509262268,0.771533855366,0.623859226704
0.129671758206,0.771533855366,0.623669505119
0.129671758206,0.77245508982,0.623480200768
0.129996750081,0.77245508982,0.623454988003
0.129996750081,0.773376324275,0.623300731182
0.130159246019,0.773376324275,0.623147308826
0.130159246019,0.773836941502,0.623117208481
0.131296717582,0.773836941502,0.622636497021
0.131296717582,0.774297558729,0.622481048107
0.13210919727,0.774297558729,0.622413992882
0.13210919727,0.774758175956,0.622370123863
0.132271693208,0.774758175956,0.622289061546
0.132271693208,0.775218793183,0.622281074524
0.133084172896,0.775218793183,0.62214910984
0.133084172896,0.77567941041,0.622080624104
0.134384140396,0.77567941041,0.621566295624
0.134384140396,0.776140027637,0.62155610323
0.134546636334,0.776140027637,0.621435523033
0.134546636334,0.776600644864,0.62142175436
0.136009099773,0.776600644864,0.620873093605
0.136009099773,0.777061262091,0.620789885521
0.136984075398,0.777061262091,0.620563924313
0.136984075398,0.777521879318,0.620483875275
0.137309067273,0.777521879318,0.620369434357
0.137309067273,0.777982496545,0.620356857777
0.140071498213,0.777982496545,0.619510471821
0.140071498213,0.778443113772,0.619455099106
0.14023399415,0.778443113772,0.619452536106
0.14023399415,0.779824965454,0.619212687016
0.141208969776,0.779824965454,0.619025230408
0.141208969776,0.780746199908,0.618970930576
0.142183945401,0.780746199908,0.618654668331
0.142183945401,0.781667434362,0.618568539619
0.142671433214,0.781667434362,0.618169128895
0.142671433214,0.782128051589,0.618042469025
0.143483912902,0.782128051589,0.617794156075
0.143483912902,0.782588668816,0.617778241634
0.14364640884,0.782588668816,0.617762923241
0.14364640884,0.783049286043,0.617718279362
0.143971400715,0.783049286043,0.617668449879
0.143971400715,0.78350990327,0.617542862892
0.144621384465,0.78350990327,0.617452979088
0.144621384465,0.784431137725,0.617437303066
0.144946376341,0.784431137725,0.617299735546
0.144946376341,0.784891754952,0.617205262184
0.145108872278,0.784891754952,0.617167949677
0.145108872278,0.785352372179,0.617156088352
0.146083847904,0.785352372179,0.616901934147
0.146083847904,0.785812989406,0.616843044758
0.146896327592,0.785812989406,0.61647105217
0.146896327592,0.78673422386,0.616317510605
0.147221319467,0.78673422386,0.616161167622
0.147221319467,0.787194841087,0.616160809994
0.14770880728,0.787194841087,0.616099298
0.14770880728,0.788116075541,0.615986406803
0.148521286968,0.788116075541,0.615587711334
0.148521286968,0.788576692768,0.615527570248
0.149008774781,0.788576692768,0.615406632423
0.149008774781,0.789037309995,0.615328669548
0.149171270718,0.789037309995,0.615297555923
0.149171270718,0.789497927222,0.615250945091
0.149496262593,0.789497927222,0.615102410316
0.149496262593,0.78995854445,0.615009725094
0.151608709782,0.78995854445,0.61444324255
0.151608709782,0.790419161677,0.614421844482
0.151933701657,0.790419161677,0.614196538925
0.151933701657,0.790879778904,0.614185750484
0.152096197595,0.790879778904,0.614158570766
0.152096197595,0.791340396131,0.614118337631
0.152583685408,0.791340396131,0.613979876041
0.152583685408,0.792261630585,0.613947093487
0.152908677283,0.792261630585,0.613872826099
0.152908677283,0.792722247812,0.613860607147
0.153883652909,0.792722247812,0.613507628441
0.153883652909,0.793182865039,0.613486409187
0.154208644784,0.793182865039,0.613324046135
0.154208644784,0.793643482266,0.613245308399
0.155021124472,0.793643482266,0.613067150116
0.155021124472,0.794104099493,0.613037526608
0.157783555411,0.794104099493,0.611476361752
0.157783555411,0.79456471672,0.611463606358
0.157946051349,0.79456471672,0.61144143343
0.157946051349,0.795025333947,0.611412703991
0.159083522912,0.795025333947,0.610822498798
0.159083522912,0.795946568402,0.610708415508
0.159408514787,0.795946568402,0.610628247261
0.159408514787,0.796407185629,0.610593914986
0.159733506662,0.796407185629,0.610561430454
0.159733506662,0.796867802856,0.610506236553
0.1598960026,0.796867802856,0.610505759716
0.1598960026,0.797328420083,0.61048322916
0.161358466038,0.797328420083,0.610335350037
0.161358466038,0.798249654537,0.610273301601
0.161683457914,0.798249654537,0.610216856003
0.161683457914,0.798710271764,0.610122561455
0.162333441664,0.798710271764,0.609937310219
0.162333441664,0.799170888991,0.609921574593
0.162658433539,0.799170888991,0.609877228737
0.162658433539,0.799631506218,0.609726190567
0.162983425414,0.799631506218,0.609616219997
0.162983425414,0.800092123445,0.609609544277
0.163633409165,0.800092123445,0.609096825123
0.163633409165,0.800552740673,0.609020233154
0.165258368541,0.800552740673,0.608661949635
0.165258368541,0.801473975127,0.608342051506
0.165420864478,0.801473975127,0.608313143253
0.165420864478,0.801934592354,0.608097314835
0.165745856354,0.801934592354,0.608026742935
0.165745856354,0.803316444035,0.607964873314
0.166720831979,0.803316444035,0.607490837574
0.166720831979,0.804237678489,0.607426166534
0.166883327917,0.804237678489,0.607372164726
0.166883327917,0.804698295716,0.607344925404
0.167045823854,0.804698295716,0.607278466225
0.167045823854,0.805158912943,0.607256174088
0.167695807605,0.805158912943,0.606926620007
0.167695807605,0.80561953017,0.606778621674
0.167858303542,0.80561953017,0.606778204441
0.167858303542,0.806080147398,0.606704056263
0.168183295418,0.806080147398,0.606690466404
0.168183295418,0.807001381852,0.606634557247
0.168508287293,0.807001381852,0.606384396553
0.168508287293,0.807461999079,0.606288671494
0.168995775106,0.807461999079,0.606056571007
0.168995775106,0.808383233533,0.605657935143
0.169158271043,0.808383233533,0.605653524399
0.169158271043,0.80884385076,0.60564249754
0.169970750731,0.80884385076,0.605317533016
0.169970750731,0.809765085214,0.605224072933
0.170458238544,0.809765085214,0.605101943016
0.170458238544,0.810686319668,0.605079650879
0.170783230419,0.810686319668,0.604965746403
0.170783230419,0.811146936895,0.604942023754
0.171108222294,0.811146936895,0.604912400246
0.171108222294,0.81206817135,0.604885160923
0.171920701982,0.81206817135,0.604710817337
0.171920701982,0.812528788577,0.60470366478
0.17273318167,0.812528788577,0.604537904263
0.17273318167,0.812989405804,0.604514062405
0.174033149171,0.812989405804,0.604163110256
0.174033149171,0.813450023031,0.604071259499
0.174358141046,0.813450023031,0.603980958462
0.174358141046,0.813910640258,0.603936374187
0.174520636984,0.813910640258,0.60391831398
0.174520636984,0.814371257485,0.603883624077
0.17549561261,0.814371257485,0.603412210941
0.17549561261,0.815292491939,0.603143393993
0.175983100422,0.815292491939,0.603056311607
0.175983100422,0.815753109166,0.603024065495
0.177283067923,0.815753109166,0.602529942989
0.177283067923,0.816213726393,0.602497935295
0.178095547611,0.816213726393,0.602282166481
0.178095547611,0.81667434362,0.602259159088
0.178745531362,0.81667434362,0.602144122124
0.178745531362,0.817595578075,0.60209518671
0.179070523237,0.817595578075,0.601944744587
0.179070523237,0.818056195302,0.601872265339
0.179395515112,0.818056195302,0.601723790169
0.179395515112,0.818516812529,0.601704597473
0.17955801105,0.818516812529,0.601643741131
0.17955801105,0.818977429756,0.601613819599
0.180532986675,0.818977429756,0.601446807384
0.180532986675,0.81989866421,0.601388990879
0.180695482613,0.81989866421,0.601384937763
0.180695482613,0.820359281437,0.601377665997
0.181345466363,0.820359281437,0.601250290871
0.181345466363,0.820819898664,0.601197898388
0.183295417615,0.820819898664,0.600489616394
0.183295417615,0.822201750345,0.600057721138
0.18362040949,0.822201750345,0.600013971329
0.18362040949,0.822662367573,0.600012421608
0.183782905427,0.822662367573,0.599978506565
0.183782905427,0.823583602027,0.599893629551
0.184595385115,0.823583602027,0.599377214909
0.184595385115,0.824044219254,0.599304020405
0.185570360741,0.824044219254,0.599050462246
0.185570360741,0.824504836481,0.599002480507
0.186545336367,0.824504836481,0.598840892315
0.186545336367,0.825886688162,0.598478198051
0.187357816055,0.825886688162,0.598302185535
0.187357816055,0.826347305389,0.598237931728
0.188170295743,0.826347305389,0.597998857498
0.188170295743,0.826807922616,0.597913086414
0.18833279168,0.826807922616,0.597869873047
0.18833279168,0.827268539843,0.5978551507
0.190120246994,0.827268539843,0.59753370285
0.190120246994,0.828189774298,0.597501516342
0.191257718557,0.828189774298,0.597068727016
0.191257718557,0.828650391525,0.596977055073
0.19174520637,0.828650391525,0.596839666367
0.19174520637,0.829111008752,0.59658998251
0.192557686058,0.829111008752,0.596475362778
0.192557686058,0.830032243206,0.59643894434
0.193370165746,0.830032243206,0.596149265766
0.193370165746,0.83095347766,0.596101641655
0.194345141371,0.83095347766,0.595828950405
0.194345141371,0.831414094887,0.595762193203
0.194832629184,0.831414094887,0.595690965652
0.194832629184,0.831874712114,0.595638811588
0.197757556061,0.831874712114,0.59478276968
0.197757556061,0.832335329341,0.594711005688
0.198407539812,0.832335329341,0.594448208809
0.198407539812,0.833256563795,0.594243943691
0.198570035749,0.833256563795,0.594082176685
0.198570035749,0.833717181023,0.594046890736
0.198895027624,0.833717181023,0.593966782093
0.198895027624,0.834638415477,0.593905031681
0.200519987,0.834638415477,0.593339800835
0.200519987,0.835099032704,0.593201875687
0.201819954501,0.835099032704,0.592514395714
0.201819954501,0.835559649931,0.592502295971
0.202307442314,0.835559649931,0.592195928097
0.202307442314,0.836480884385,0.592139482498
0.202794930127,0.836480884385,0.591968119144
0.202794930127,0.836941501612,0.591797053814
0.20328241794,0.836941501612,0.59177082777
0.20328241794,0.837402118839,0.591767191887
0.20458238544,0.837402118839,0.591484248638
0.20458238544,0.837862736066,0.591436743736
0.205069873253,0.837862736066,0.591306865215
0.205069873253,0.838323353293,0.591282188892
0.205557361066,0.838323353293,0.591177999973
0.205557361066,0.83878397052,0.591116786003
0.20734481638,0.83878397052,0.590570926666
0.20734481638,0.839244587748,0.590561389923
0.207507312317,0.839244587748,0.590557813644
0.207507312317,0.840165822202,0.590531527996
0.207669808255,0.840165822202,0.590458214283
0.207669808255,0.840626439429,0.59045290947
0.207832304192,0.840626439429,0.590452134609
0.207832304192,0.841087056656,0.590343296528
0.210594735132,0.841087056656,0.589277029037
0.210594735132,0.841547673883,0.589212059975
0.21140721482,0.841547673883,0.588922798634
0.21140721482,0.843390142791,0.588624179363
0.211732206695,0.843390142791,0.588555634022
0.211732206695,0.843850760018,0.588527739048
0.212382190445,0.843850760018,0.588410317898
0.212382190445,0.844311377246,0.58839315176
0.212869678258,0.844311377246,0.588334262371
0.212869678258,0.844771994473,0.588317632675
0.213357166071,0.844771994473,0.588234961033
0.213357166071,0.8452326117,0.588209748268
0.213519662008,0.8452326117,0.588138997555
0.213519662008,0.845693228927,0.588069200516
0.213844653884,0.845693228927,0.588046252728
0.213844653884,0.846153846154,0.587989211082
0.214982125447,0.846153846154,0.58775138855
0.214982125447,0.847075080608,0.587705612183
0.21546961326,0.847075080608,0.587580144405
0.21546961326,0.847535697835,0.587543189526
0.218069548261,0.847535697835,0.58649379015
0.218069548261,0.847996315062,0.586487293243
0.218557036074,0.847996315062,0.586357474327
0.218882027949,0.847996315062,0.58619594574
0.220019499513,0.847996315062,0.585872471333
0.220019499513,0.848917549516,0.585759162903
0.221481962951,0.848917549516,0.585373282433
0.221481962951,0.849378166743,0.585357248783
0.221806954826,0.849378166743,0.585121512413
0.221806954826,0.849838783971,0.585116744041
0.222131946701,0.849838783971,0.585085093975
0.222131946701,0.850299401198,0.585024893284
0.224731881703,0.850299401198,0.584246695042
0.224731881703,0.850760018425,0.584185004234
0.224894377641,0.850760018425,0.584169864655
0.224894377641,0.851220635652,0.584085583687
0.225219369516,0.851220635652,0.583988010883
0.225219369516,0.851681252879,0.583935081959
0.225706857329,0.851681252879,0.583745419979
0.225706857329,0.85306310456,0.583671927452
0.226519337017,0.85306310456,0.58352971077
0.226519337017,0.853523721787,0.58349686861
0.226681832954,0.853523721787,0.583407700062
0.226681832954,0.853984339014,0.583301186562
0.227006824829,0.853984339014,0.583115816116
0.227006824829,0.854444956241,0.583036541939
0.229281767956,0.854444956241,0.582306087017
0.229281767956,0.855366190696,0.582239151001
0.230744231394,0.855366190696,0.581696867943
0.230744231394,0.855826807923,0.581638514996
0.233019174521,0.855826807923,0.58120828867
0.233019174521,0.85628742515,0.581150710583
0.234156646084,0.85628742515,0.580762982368
0.234156646084,0.856748042377,0.580761194229
0.234481637959,0.856748042377,0.580697834492
0.234481637959,0.857208659604,0.580674469471
0.236106597335,0.857208659604,0.580194413662
0.236106597335,0.857669276831,0.580176472664
0.236269093273,0.857669276831,0.580119907856
0.236269093273,0.858129894058,0.580059945583
0.23643158921,0.858129894058,0.580028057098
0.23643158921,0.858590511285,0.580019831657
0.237244068898,0.858590511285,0.579861581326
0.237244068898,0.859051128512,0.579827189445
0.237731556711,0.859051128512,0.579398036003
0.237731556711,0.859511745739,0.579261004925
0.239519012025,0.859511745739,0.578758895397
0.239519012025,0.859972362966,0.578737258911
0.240006499838,0.859972362966,0.578604578972
0.240006499838,0.860432980193,0.578558444977
0.240818979526,0.860432980193,0.578134655952
0.240818979526,0.860893597421,0.578080177307
0.242118947026,0.860893597421,0.577626228333
0.242118947026,0.862275449102,0.577556967735
0.242443938902,0.862275449102,0.577485620975
0.242443938902,0.862736066329,0.577477276325
0.244393890153,0.862736066329,0.576996803284
0.244393890153,0.863196683556,0.576980948448
0.246181345466,0.863196683556,0.576646745205
0.246181345466,0.863657300783,0.576645195484
0.25268118297,0.863657300783,0.574579596519
0.25268118297,0.86411791801,0.574560046196
0.253006174846,0.86411791801,0.574474155903
0.253006174846,0.864578535237,0.574438512325
0.253981150471,0.864578535237,0.574089765549
0.253981150471,0.865039152464,0.574050605297
0.255118622034,0.865039152464,0.573753118515
0.255118622034,0.865499769691,0.573676109314
0.25609359766,0.865499769691,0.573441922665
0.25609359766,0.865960386918,0.573427319527
0.256906077348,0.865960386918,0.573126196861
0.256906077348,0.866421004146,0.573114573956
0.257231069223,0.866421004146,0.573038876057
0.257231069223,0.866881621373,0.573029637337
0.258693532662,0.866881621373,0.572659373283
0.258693532662,0.8673422386,0.572575032711
0.259993500162,0.8673422386,0.571850419044
0.259993500162,0.867802855827,0.57182097435
0.2601559961,0.867802855827,0.571748614311
0.2601559961,0.868263473054,0.571713387966
0.260805979851,0.868263473054,0.571532428265
0.260805979851,0.869184707508,0.571499526501
0.261943451414,0.869184707508,0.571235358715
0.261943451414,0.869645324735,0.571173727512
0.262105947351,0.869645324735,0.571130275726
0.262105947351,0.870105941962,0.571069300175
0.263243418915,0.870105941962,0.570890903473
0.263243418915,0.870566559189,0.570863068104
0.26356841079,0.870566559189,0.57078063488
0.26356841079,0.871487793643,0.570717513561
0.264543386415,0.871487793643,0.570562422276
0.264543386415,0.871948410871,0.570499360561
0.264868378291,0.871948410871,0.570475101471
0.264868378291,0.872409028098,0.570469677448
0.265355866103,0.872409028098,0.570294737816
0.265355866103,0.872869645325,0.570225477219
0.265518362041,0.872869645325,0.570073843002
0.265518362041,0.873330262552,0.570050656796
0.265680857979,0.873330262552,0.570008516312
0.265680857979,0.873790879779,0.570006966591
0.266980825479,0.873790879779,0.56971770525
0.266980825479,0.874251497006,0.569714605808
0.268118297043,0.874251497006,0.569264054298
0.268118297043,0.874712114233,0.569190204144
0.271855703607,0.874712114233,0.568358898163
0.271855703607,0.87517273146,0.568303287029
0.272180695483,0.87517273146,0.568271040916
0.272180695483,0.875633348687,0.568264901638
0.273968150796,0.875633348687,0.567882299423
0.273968150796,0.876093965914,0.56779974699
0.277868053299,0.876093965914,0.566797852516
0.277868053299,0.876554583141,0.566787958145
0.278355541111,0.876554583141,0.566635072231
0.278355541111,0.877015200368,0.566627025604
0.280955476113,0.877015200368,0.565918207169
0.280955476113,0.877475817596,0.565900802612
0.283717907052,0.877475817596,0.56512850523
0.283717907052,0.877936434823,0.565117478371
0.284367890803,0.877936434823,0.564896225929
0.284367890803,0.87839705205,0.564877927303
0.284692882678,0.87839705205,0.564810097218
0.284692882678,0.878857669277,0.564798474312
0.285180370491,0.878857669277,0.564696550369
0.285180370491,0.879318286504,0.564652264118
0.286317842054,0.879318286504,0.564324855804
0.286317842054,0.879778903731,0.564301252365
0.287455313617,0.879778903731,0.563922226429
0.287455313617,0.880239520958,0.563885509968
0.28794280143,0.880239520958,0.56364941597
0.28794280143,0.880700138185,0.56364107132
0.288755281118,0.880700138185,0.563470184803
0.288755281118,0.881160755412,0.56340277195
0.289405264868,0.881160755412,0.563179850578
0.289405264868,0.881621372639,0.563155114651
0.290055248619,0.881621372639,0.563007175922
0.290055248619,0.882081989866,0.563006877899
0.292817679558,0.882081989866,0.562309622765
0.292817679558,0.883003224321,0.562294483185
0.293142671433,0.883003224321,0.562168896198
0.293142671433,0.883463841548,0.562057137489
0.293792655184,0.883463841548,0.561858296394
0.293792655184,0.883924458775,0.561825275421
0.294117647059,0.883924458775,0.561814069748
0.294117647059,0.884385076002,0.561761796474
0.295905102372,0.884385076002,0.561298131943
0.295905102372,0.884845693229,0.561270713806
0.296555086123,0.884845693229,0.561132013798
0.296555086123,0.885306310456,0.561118543148
0.297530061748,0.885306310456,0.560633063316
0.297530061748,0.885766927683,0.560559093952
0.297855053624,0.885766927683,0.560405373573
0.297855053624,0.88622754491,0.560388684273
0.298830029249,0.88622754491,0.559918880463
0.298830029249,0.887148779364,0.559874534607
0.299805004875,0.887148779364,0.559521794319
0.299805004875,0.887609396591,0.559443414211
0.302404939877,0.887609396591,0.558749854565
0.302404939877,0.888070013819,0.558717548847
0.303704907377,0.888070013819,0.558370471001
0.303704907377,0.888530631046,0.558317124844
0.305492362691,0.888530631046,0.55786460638
0.305492362691,0.8894518655,0.557742118835
0.305817354566,0.8894518655,0.557559669018
0.305817354566,0.889912482727,0.55747961998
0.305979850504,0.889912482727,0.557405948639
0.305979850504,0.890373099954,0.557372391224
0.308092297693,0.890373099954,0.556942164898
0.308092297693,0.890833717181,0.556888699532
0.308417289568,0.890833717181,0.556839942932
0.308417289568,0.891754951635,0.556782782078
0.309392265193,0.891754951635,0.556501567364
0.309392265193,0.892215568862,0.55648547411
0.312479688008,0.892215568862,0.555670142174
0.312479688008,0.892676186089,0.555648505688
0.312642183945,0.892676186089,0.555622935295
0.312642183945,0.893136803316,0.555575430393
0.312804679883,0.893136803316,0.555504381657
0.312804679883,0.893597420544,0.555484592915
0.313779655509,0.893597420544,0.555232405663
0.313779655509,0.894058037771,0.555172026157
0.315567110822,0.894058037771,0.554415285587
0.315567110822,0.894518654998,0.554356276989
0.31637959051,0.894518654998,0.554131865501
0.31637959051,0.894979272225,0.55410271883
0.318492037699,0.894979272225,0.553340196609
0.318492037699,0.895439889452,0.553337395191
0.319467013325,0.895439889452,0.553074777126
0.319467013325,0.895900506679,0.55306494236
0.319629509262,0.895900506679,0.553031086922
0.319629509262,0.896821741133,0.552907407284
0.322066948326,0.896821741133,0.551944077015
0.322066948326,0.89728235836,0.551907539368
0.32320441989,0.89728235836,0.551582992077
0.32320441989,0.897742975587,0.551531255245
0.323691907702,0.897742975587,0.551143407822
0.323691907702,0.898203592814,0.551048874855
0.32450438739,0.898203592814,0.550804257393
0.32450438739,0.898664210041,0.550722062588
0.324829379266,0.898664210041,0.550658166409
0.324829379266,0.899124827269,0.550559699535
0.324991875203,0.899124827269,0.550553023815
0.324991875203,0.899585444496,0.55030810833
0.327429314267,0.899585444496,0.549201786518
0.327429314267,0.900046061723,0.549180150032
0.328079298018,0.900046061723,0.548989057541
0.328079298018,0.900967296177,0.548949241638
0.329704257394,0.900967296177,0.548480391502
0.329704257394,0.901427913404,0.548422694206
0.330191745206,0.901427913404,0.548307418823
0.330191745206,0.901888530631,0.548263788223
0.330516737082,0.901888530631,0.548191905022
0.330516737082,0.902349147858,0.54813170433
0.331166720832,0.902349147858,0.548020362854
0.331491712707,0.902349147858,0.548018991947
0.331491712707,0.902809765085,0.547999799252
0.333766655834,0.902809765085,0.547385394573
0.333766655834,0.903270382312,0.547240018845
0.334091647709,0.903270382312,0.54716604948
0.334091647709,0.903730999539,0.547161459923
0.334741631459,0.903730999539,0.546969890594
0.334741631459,0.904191616766,0.546961843967
0.335229119272,0.904191616766,0.546883881092
0.335229119272,0.904652233994,0.54685395956
0.337829054274,0.904652233994,0.546034991741
0.337829054274,0.905112851221,0.546031236649
0.337991550211,0.905112851221,0.546024680138
0.337991550211,0.905573468448,0.545976877213
0.338641533962,0.905573468448,0.545807480812
0.338641533962,0.906034085675,0.545787930489
0.344653883653,0.906034085675,0.544376075268
0.344653883653,0.906494702902,0.544331431389
0.344816379591,0.906494702902,0.544312298298
0.344816379591,0.907415937356,0.544282257557
0.345141371466,0.907415937356,0.544161200523
0.345141371466,0.907876554583,0.544115483761
0.349203769906,0.907876554583,0.543107330799
0.349203769906,0.90833717181,0.543020009995
0.351316217095,0.90833717181,0.542530119419
0.351316217095,0.908797789037,0.542474508286
0.353591160221,0.908797789037,0.542093813419
0.353591160221,0.909258406264,0.542089283466
0.355053623659,0.909258406264,0.541608095169
0.355053623659,0.909719023491,0.541568219662
0.35635359116,0.909719023491,0.5410618186
0.35635359116,0.910640257946,0.540932178497
0.356841078973,0.910640257946,0.540845155716
0.356841078973,0.911100875173,0.540714621544
0.357166070848,0.911100875173,0.54066747427
0.357166070848,0.9115614924,0.540666401386
0.357491062723,0.9115614924,0.54055005312
0.357491062723,0.912022109627,0.540500402451
0.358791030224,0.912022109627,0.540329277515
0.358791030224,0.912482726854,0.540280461311
0.359278518037,0.912482726854,0.540178477764
0.359278518037,0.912943344081,0.540165007114
0.359603509912,0.912943344081,0.539873063564
0.359603509912,0.913403961308,0.539871752262
0.360090997725,0.913403961308,0.539820432663
0.360090997725,0.914325195762,0.539726614952
0.363015924602,0.914325195762,0.53899794817
0.363015924602,0.914785812989,0.53897112608
0.369028274293,0.914785812989,0.537363827229
0.369028274293,0.915246430216,0.537332355976
0.369678258044,0.915246430216,0.537060499191
0.369678258044,0.915707047444,0.537037372589
0.370815729607,0.915707047444,0.536565005779
0.370815729607,0.916167664671,0.536475658417
0.373903152421,0.916167664671,0.535616278648
0.373903152421,0.916628281898,0.53560847044
0.374228144296,0.916628281898,0.535387516022
0.374228144296,0.917088899125,0.535386800766
0.376178095548,0.917088899125,0.53495234251
0.376178095548,0.917549516352,0.534900069237
0.381052973676,0.917549516352,0.533924996853
0.381052973676,0.918010133579,0.533753097057
0.382515437114,0.918010133579,0.533399105072
0.382515437114,0.918470750806,0.533395588398
0.383652908677,0.918470750806,0.533182501793
0.383652908677,0.918931368033,0.533156812191
0.389177770556,0.918931368033,0.531265377998
0.389177770556,0.91939198526,0.531223714352
0.389340266493,0.91939198526,0.531177580357
0.389340266493,0.919852602487,0.53116196394
0.389502762431,0.919852602487,0.531141877174
0.389502762431,0.921234454169,0.531077802181
0.393890152746,0.921234454169,0.529625415802
0.393890152746,0.922155688623,0.529607832432
0.395027624309,0.922155688623,0.529389262199
0.395027624309,0.92261630585,0.529356181622
0.39632759181,0.92261630585,0.529110074043
0.39632759181,0.923076923077,0.529102921486
0.397627559311,0.923076923077,0.528621733189
0.397627559311,0.923537540304,0.528614640236
0.398602534937,0.923537540304,0.52831107378
0.398602534937,0.923998157531,0.528296530247
0.399252518687,0.923998157531,0.528231441975
0.399252518687,0.924458774758,0.528149902821
0.399415014625,0.924458774758,0.528046011925
0.399415014625,0.924919391985,0.527972996235
0.402502437439,0.924919391985,0.527078866959
0.402502437439,0.925840626439,0.52703088522
0.403964900877,0.925840626439,0.526683092117
0.403964900877,0.926301243667,0.52660882473
0.409164770881,0.926301243667,0.52530169487
0.409164770881,0.926761860894,0.525260806084
0.417289567761,0.926761860894,0.52305996418
0.417289567761,0.927222478121,0.523038208485
0.417452063698,0.927222478121,0.523022174835
0.417452063698,0.927683095348,0.522996902466
0.41940201495,0.927683095348,0.52262377739
0.41940201495,0.928143712575,0.522583782673
0.421514462138,0.928143712575,0.522018969059
0.421514462138,0.928604329802,0.521999359131
0.425089372766,0.928604329802,0.521373987198
0.425089372766,0.929064947029,0.521332025528
0.427039324017,0.929064947029,0.520857155323
0.427039324017,0.929525564256,0.52084672451
0.42817679558,0.929525564256,0.520582795143
0.42817679558,0.929986181483,0.520549237728
0.428826779331,0.929986181483,0.520376861095
0.428826779331,0.93044679871,0.520267188549
0.429964250894,0.93044679871,0.519848525524
0.429964250894,0.930907415937,0.51979726553
0.433701657459,0.930907415937,0.518513917923
0.433701657459,0.931368033164,0.518484592438
0.437439064023,0.931368033164,0.517643034458
0.437439064023,0.931828650392,0.517535865307
0.439551511212,0.931828650392,0.517067372799
0.439551511212,0.932289267619,0.517050921917
0.440688982775,0.932289267619,0.516691088676
0.440688982775,0.932749884846,0.516615092754
0.441013974651,0.932749884846,0.516574621201
0.441013974651,0.9336711193,0.516502439976
0.441663958401,0.9336711193,0.516387045383
0.441663958401,0.934131736527,0.516308963299
0.442801429964,0.934131736527,0.515865564346
0.442801429964,0.935052970981,0.515754699707
0.44377640559,0.935052970981,0.515209376812
0.44377640559,0.935513588208,0.515159487724
0.444263893403,0.935513588208,0.515038967133
0.444263893403,0.935974205435,0.515034079552
0.447188820279,0.935974205435,0.514344155788
0.447188820279,0.936434822662,0.514314651489
0.44848878778,0.936434822662,0.514155507088
0.44848878778,0.936895439889,0.514142513275
0.452063698408,0.936895439889,0.513124644756
0.452063698408,0.937356057117,0.513114392757
0.452226194345,0.937356057117,0.513091802597
0.452226194345,0.937816674344,0.513084590435
0.452388690283,0.937816674344,0.513038992882
0.452388690283,0.938277291571,0.512928068638
0.455476113097,0.938277291571,0.512335062027
0.455476113097,0.938737908798,0.512279748917
0.456288592785,0.938737908798,0.512205064297
0.456288592785,0.939659143252,0.512027919292
0.458888527787,0.939659143252,0.511122047901
0.458888527787,0.940119760479,0.511020243168
0.464575885603,0.940119760479,0.509482800961
0.464575885603,0.940580377706,0.509462594986
0.467988300292,0.940580377706,0.508527219296
0.467988300292,0.941040994933,0.508268117905
0.475788105297,0.941040994933,0.506189465523
0.475788105297,0.94150161216,0.506174206734
0.477575560611,0.94150161216,0.505511403084
0.477575560611,0.941962229387,0.505499124527
0.482775430614,0.941962229387,0.503944396973
0.482775430614,0.942422846614,0.50391125679
0.485375365616,0.942422846614,0.503365278244
0.485375365616,0.942883463842,0.503324270248
0.485862853429,0.942883463842,0.503227651119
0.485862853429,0.943804698296,0.503217041492
0.486187845304,0.943804698296,0.503202140331
0.486187845304,0.944265315523,0.503201007843
0.488950276243,0.944265315523,0.502382814884
0.488950276243,0.94472593275,0.502352714539
0.493012674683,0.94472593275,0.501104772091
0.493175170621,0.945186549977,0.501078188419
0.497400064998,0.945186549977,0.499945759773
0.497400064998,0.945647167204,0.499828636646
0.497887552811,0.945647167204,0.499755442142
0.497887552811,0.946107784431,0.499748468399
0.498375040624,0.946107784431,0.49965274334
0.498375040624,0.946568401658,0.49962002039
0.498700032499,0.946568401658,0.499485552311
0.498700032499,0.947029018885,0.499417871237
0.49935001625,0.947029018885,0.499194800854
0.49935001625,0.947489636112,0.499054551125
0.501624959376,0.947489636112,0.498576045036
0.501624959376,0.947950253339,0.498508870602
0.506824829379,0.947950253339,0.49738740921
0.506824829379,0.948410870567,0.497368425131
0.510724731882,0.948410870567,0.4964440763
0.510724731882,0.948871487794,0.496327340603
0.512024699383,0.948871487794,0.495895802975
0.512024699383,0.949332105021,0.495807528496
0.512674683133,0.949332105021,0.49573597312
0.512674683133,0.949792722248,0.49572378397
0.51624959376,0.949792722248,0.494560688734
0.51624959376,0.950253339475,0.494488745928
0.518524536887,0.950253339475,0.49391245842
0.518524536887,0.950713956702,0.493903487921
0.524699382515,0.950713956702,0.491787731647
0.524699382515,0.951174573929,0.491767019033
0.527136821579,0.951174573929,0.490980893373
0.527136821579,0.951635191156,0.490972578526
0.531361715957,0.951635191156,0.489520311356
0.531361715957,0.952095808383,0.489509671926
0.533311667208,0.952095808383,0.489068567753
0.533311667208,0.95255642561,0.489055126905
0.537699057524,0.95255642561,0.487820148468
0.537699057524,0.953017042837,0.487744241953
0.541598960026,0.953017042837,0.486092597246
0.541598960026,0.953477660064,0.486020684242
0.541761455964,0.953477660064,0.486000746489
0.541761455964,0.953938277292,0.485957503319
0.546636334092,0.953938277292,0.484410643578
0.546636334092,0.954398894519,0.484367966652
0.54874878128,0.954398894519,0.48350673914
0.54874878128,0.954859511746,0.483480095863
0.550048748781,0.954859511746,0.483234673738
0.550048748781,0.955320128973,0.483221083879
0.551673708157,0.955320128973,0.482704281807
0.551673708157,0.9557807462,0.482599765062
0.552811179721,0.9557807462,0.482355624437
0.552811179721,0.956241363427,0.482325285673
0.552973675658,0.956241363427,0.482297837734
0.552973675658,0.956701980654,0.48225158453
0.554111147221,0.956701980654,0.48186430335
0.554111147221,0.957162597881,0.481839835644
0.559798505037,0.957162597881,0.480488926172
0.559798505037,0.957623215108,0.480481535196
0.564998375041,0.957623215108,0.478905051947
0.565323366916,0.957623215108,0.47889071703
0.569060773481,0.957623215108,0.477742820978
0.569060773481,0.959005066789,0.47768753767
0.571660708482,0.959005066789,0.476735115051
0.571660708482,0.959465684017,0.476719498634
0.573773155671,0.959465684017,0.475902199745
0.573773155671,0.959926301244,0.475891053677
0.577673058174,0.959926301244,0.47490209341
0.577673058174,0.960386918471,0.474837481976
0.584985375366,0.960386918471,0.472750604153
0.584985375366,0.960847535698,0.472748428583
0.587910302242,0.960847535698,0.47205260396
0.587910302242,0.961768770152,0.471970111132
0.58872278193,0.961768770152,0.47186127305
0.58872278193,0.962229387379,0.471815824509
0.589047773806,0.962229387379,0.471657246351
0.589047773806,0.962690004606,0.47162887454
0.589535261618,0.962690004606,0.471337586641
0.589535261618,0.963150621833,0.471301048994
0.595385115372,0.963150621833,0.469680309296
0.595385115372,0.96361123906,0.469677627087
0.598797530062,0.96361123906,0.46812081337
0.598797530062,0.964071856287,0.468105703592
0.599122521937,0.964071856287,0.468045115471
0.599122521937,0.964532473515,0.468030393124
0.602047448814,0.964532473515,0.467314362526
0.602047448814,0.964993090742,0.467279374599
0.603022424439,0.964993090742,0.466958969831
0.603022424439,0.965453707969,0.466948270798
0.605297367566,0.965453707969,0.466500133276
0.605297367566,0.965914325196,0.466454416513
0.609359766006,0.965914325196,0.465047478676
0.609359766006,0.966374942423,0.465022712946
0.614722131947,0.966374942423,0.463791817427
0.614722131947,0.96683555965,0.463782995939
0.614884627884,0.96683555965,0.463702589273
0.614884627884,0.967296176877,0.46360167861
0.617484562886,0.967296176877,0.462882459164
0.617484562886,0.967756794104,0.462846398354
0.623659408515,0.967756794104,0.461654216051
0.623659408515,0.968217411331,0.461633175611
0.626584335392,0.968217411331,0.460918605328
0.626584335392,0.968678028558,0.460903704166
0.62739681508,0.968678028558,0.460746258497
0.62739681508,0.969138645785,0.46066018939
0.63275918102,0.969138645785,0.459179759026
0.63275918102,0.969599263012,0.459134310484
0.636984075398,0.969599263012,0.458126723766
0.636984075398,0.97005988024,0.458071619272
0.639909002275,0.97005988024,0.4571865201
0.639909002275,0.970520497467,0.457176029682
0.640396490088,0.970520497467,0.456960916519
0.640396490088,0.970981114694,0.45691254735
0.641371465713,0.970981114694,0.456700533628
0.641371465713,0.971441731921,0.456689715385
0.650958726032,0.971441731921,0.453903645277
0.650958726032,0.971902349148,0.453869074583
0.657133571661,0.971902349148,0.452243477106
0.657133571661,0.972362966375,0.452220410109
0.660058498538,0.972362966375,0.45141223073
0.660058498538,0.972823583602,0.451340049505
0.664120896978,0.972823583602,0.450405985117
0.664120896978,0.973284200829,0.450392782688
0.666233344166,0.973284200829,0.449946284294
0.666233344166,0.974205435283,0.449911147356
0.668508287293,0.974205435283,0.448905140162
0.668508287293,0.97466605251,0.448903858662
0.669158271043,0.97466605251,0.448664665222
0.669158271043,0.975126669737,0.448648631573
0.671270718232,0.975126669737,0.448219537735
0.671270718232,0.976047904192,0.448132485151
0.67549561261,0.976047904192,0.447034657001
0.67549561261,0.976508521419,0.446997255087
0.680532986675,0.976508521419,0.445060551167
0.680532986675,0.976969138646,0.444925814867
0.687357816055,0.976969138646,0.442373245955
0.687357816055,0.977429755873,0.442354351282
0.689145271368,0.977429755873,0.441699713469
0.689145271368,0.9778903731,0.441513866186
0.694182645434,0.9778903731,0.439856857061
0.694182645434,0.978350990327,0.439699113369
0.705232369191,0.978350990327,0.435987383127
0.705232369191,0.978811607554,0.435957789421
0.719857003575,0.978811607554,0.43118262291
0.719857003575,0.979272224781,0.431167215109
0.720344491388,0.979272224781,0.431091696024
0.720344491388,0.979732842008,0.431027978659
0.723269418265,0.979732842008,0.430151224136
0.723269418265,0.980193459235,0.429973214865
0.72424439389,0.980193459235,0.429601341486
0.72424439389,0.980654076462,0.429510504007
0.726844328892,0.980654076462,0.428811281919
0.726844328892,0.98111469369,0.428764432669
0.727169320767,0.98111469369,0.428454518318
0.727169320767,0.981575310917,0.42839640379
0.733019174521,0.981575310917,0.426520973444
0.733019174521,0.982035928144,0.426387935877
0.738706532337,0.982035928144,0.424262195826
0.738706532337,0.982496545371,0.424151986837
0.746018849529,0.982496545371,0.421169281006
0.746018849529,0.982957162598,0.421164602041
0.746831329217,0.982957162598,0.421097815037
0.746831329217,0.983878397052,0.421006143093
0.747156321092,0.983878397052,0.42093372345
0.747156321092,0.984339014279,0.420917540789
0.750731231719,0.984339014279,0.419359117746
0.750731231719,0.984799631506,0.419347405434
0.754143646409,0.984799631506,0.418127149343
0.754143646409,0.985260248733,0.41807872057
0.766818329542,0.985260248733,0.413280278444
0.766818329542,0.98572086596,0.413280040026
0.797205069873,0.98572086596,0.400874942541
0.797205069873,0.986181483187,0.400871574879
0.804029899253,0.986181483187,0.397836685181
0.804029899253,0.986642100415,0.397752791643
0.805817354566,0.986642100415,0.397113204002
0.805817354566,0.987102717642,0.397036164999
0.810529736757,0.987102717642,0.395310163498
0.810529736757,0.987563334869,0.395229130983
0.816054598635,0.987563334869,0.393348634243
0.816054598635,0.988023952096,0.393212139606
0.81637959051,0.988023952096,0.392988413572
0.81637959051,0.98894518655,0.39286506176
0.824829379266,0.98894518655,0.389584630728
0.824829379266,0.989405803777,0.389512747526
0.832466688333,0.989405803777,0.386056572199
0.832466688333,0.989866421004,0.386049449444
0.842216444589,0.989866421004,0.380656987429
0.842216444589,0.990327038231,0.380647391081
0.842378940526,0.990327038231,0.380635887384
0.842378940526,0.990787655458,0.380510687828
0.844816379591,0.990787655458,0.379606068134
0.844816379591,0.991248272685,0.379605740309
0.858141046474,0.991248272685,0.372390151024
0.858141046474,0.991708889912,0.372387379408
0.860578485538,0.991708889912,0.371150016785
0.860578485538,0.99216950714,0.371132284403
0.872440688983,0.99216950714,0.36544701457
0.872440688983,0.992630124367,0.365438610315
0.87260318492,0.992630124367,0.365346670151
0.87260318492,0.993090741594,0.365302413702
0.876503087423,0.993090741594,0.363007247448
0.876503087423,0.993551358821,0.363005489111
0.887227819305,0.993551358821,0.356217235327
0.887227819305,0.994011976048,0.356091290712
0.888690282743,0.994011976048,0.354869246483
0.888690282743,0.994472593275,0.354664117098
0.891940201495,0.994472593275,0.352090030909
0.891940201495,0.994933210502,0.352070957422
0.89226519337,0.994933210502,0.352011412382
0.89226519337,0.995393827729,0.351940691471
0.893565160871,0.995393827729,0.351241797209
0.893565160871,0.995854444956,0.351222038269
0.895515112122,0.995854444956,0.350235909224
0.895515112122,0.996315062183,0.350031346083
0.904289892753,0.996315062183,0.345352888107
0.904289892753,0.99677567941,0.34529158473
0.9200519987,0.99677567941,0.33535349369
0.9200519987,0.997236296637,0.335214406252
0.922326941826,0.997236296637,0.334408521652
0.922326941826,0.997696913865,0.33430787921
0.928664283393,0.997696913865,0.328951448202
0.928664283393,0.998157531092,0.328944891691
0.933051673708,0.998157531092,0.325661987066
0.933051673708,0.998618148319,0.325459212065
0.957263568411,0.998618148319,0.301149517298
0.957263568411,0.999078765546,0.301100045443
0.958563535912,0.999078765546,0.299612283707
0.958563535912,0.999539382773,0.299389213324
0.958888527787,0.999539382773,0.298787862062
0.958888527787,1.0,0.298700720072
1.0,1.0,0.109095834196
