0.0,0.000394011032309,0.999998450279
0.0,0.00985027580772,0.997223854065
0.000159337157425,0.00985027580772,0.99718517065
0.000159337157425,0.016548463357,0.994940042496
0.00031867431485,0.016548463357,0.994797348976
0.00031867431485,0.0212765957447,0.993060231209
0.000478011472275,0.0212765957447,0.993037045002
0.000478011472275,0.0429472025217,0.986863732338
0.0006373486297,0.0429472025217,0.986776649952
0.0006373486297,0.0437352245863,0.986499786377
0.000796685787126,0.0437352245863,0.986202180386
0.000796685787126,0.0449172576832,0.986052751541
0.000956022944551,0.0449172576832,0.985999166965
0.000956022944551,0.0524034672971,0.984211623669
0.00111536010198,0.0524034672971,0.984085202217
0.00111536010198,0.0654058313633,0.980699777603
0.0012746972594,0.0654058313633,0.980345308781
0.0012746972594,0.0657998423956,0.980297744274
0.00143403441683,0.0657998423956,0.980204641819
0.00143403441683,0.0784081954295,0.976565420628
0.00159337157425,0.0784081954295,0.976532578468
0.00159337157425,0.0799842395587,0.975937902927
0.00175270873168,0.0799842395587,0.975831627846
0.00175270873168,0.101260835303,0.971409320831
0.0019120458891,0.101260835303,0.971297740936
0.0019120458891,0.10914105595,0.969510734081
0.00207138304653,0.10914105595,0.969310164452
0.00207138304653,0.118597320725,0.967639803886
0.00223072020395,0.118597320725,0.967500448227
0.00223072020395,0.153270291568,0.957654953003
0.00239005736138,0.153270291568,0.957647800446
0.00239005736138,0.155634357762,0.95639538765
0.0025493945188,0.155634357762,0.956369102001
0.0025493945188,0.160756501182,0.954226851463
0.00270873167623,0.160756501182,0.954108715057
0.00270873167623,0.161938534279,0.953899562359
0.00286806883365,0.161938534279,0.953871667385
0.00286806883365,0.171788810087,0.951046943665
0.00286806883365,0.172576832151,0.950760245323
0.00286806883365,0.175334909377,0.949479758739
0.00302740599108,0.175334909377,0.949291825294
0.00302740599108,0.184003152088,0.946212351322
0.0031867431485,0.184003152088,0.946135759354
0.0031867431485,0.188337273444,0.945378482342
0.00334608030593,0.188337273444,0.945306360722
0.00334608030593,0.188731284476,0.945293068886
0.00350541746335,0.188731284476,0.944835424423
0.00350541746335,0.192671394799,0.943920254707
0.00366475462078,0.192671394799,0.943875849247
0.00366475462078,0.199763593381,0.942029118538
0.0038240917782,0.199763593381,0.941877126694
0.0038240917782,0.200157604413,0.941822350025
0.00398342893563,0.200157604413,0.941735744476
0.00398342893563,0.200551615445,0.941708028316
0.00414276609305,0.200551615445,0.941627264023
0.00414276609305,0.209613869188,0.93948918581
0.00430210325048,0.209613869188,0.939409852028
0.00430210325048,0.210007880221,0.939374625683
0.00430210325048,0.210795902285,0.939330220222
0.00430210325048,0.219464144996,0.936252057552
0.0044614404079,0.219464144996,0.936197519302
0.0044614404079,0.234436564224,0.932126283646
0.00462077756533,0.234436564224,0.931993424892
0.00462077756533,0.243104806935,0.930272459984
0.00478011472275,0.243104806935,0.930199384689
0.00478011472275,0.258471237195,0.926975369453
0.00493945188018,0.258471237195,0.926912069321
0.00493945188018,0.269503546099,0.922454535961
0.0050987890376,0.269503546099,0.922196447849
0.0050987890376,0.272261623325,0.921525597572
0.00525812619503,0.272261623325,0.921512126923
0.00525812619503,0.282899921198,0.919021725655
0.00541746335245,0.282899921198,0.918608307838
0.00541746335245,0.289598108747,0.916181385517
0.00557680050988,0.289598108747,0.915856897831
0.00557680050988,0.301418439716,0.911293804646
0.00589547482473,0.301418439716,0.910696566105
0.00589547482473,0.301812450749,0.910409927368
0.00589547482473,0.302600472813,0.910301446915
0.00589547482473,0.305358550039,0.909342467785
0.00605481198215,0.305358550039,0.909248352051
0.00605481198215,0.310086682427,0.907996356487
0.00605481198215,0.310874704492,0.907983183861
0.00605481198215,0.314814814815,0.90725427866
0.00621414913958,0.314814814815,0.907175958157
0.00621414913958,0.316784869976,0.906624853611
0.006373486297,0.316784869976,0.906552910805
0.006373486297,0.317572892041,0.906331181526
0.00653282345443,0.317572892041,0.906162083149
0.00653282345443,0.319542947203,0.904592394829
0.00669216061185,0.319542947203,0.904256343842
0.00669216061185,0.32427107959,0.90242344141
0.00685149776928,0.32427107959,0.902290642262
0.00685149776928,0.332545311269,0.899582266808
0.0070108349267,0.332545311269,0.899538040161
0.0070108349267,0.335697399527,0.898052155972
0.00717017208413,0.335697399527,0.897830188274
0.00717017208413,0.338849487786,0.897044241428
0.00732950924156,0.338849487786,0.897017598152
0.00732950924156,0.348699763593,0.893883466721
0.00748884639898,0.348699763593,0.893851995468
0.00748884639898,0.351063829787,0.892836689949
0.00764818355641,0.351063829787,0.892513036728
0.00764818355641,0.359338061466,0.889948189259
0.00780752071383,0.359338061466,0.889760434628
0.00780752071383,0.359732072498,0.889488816261
0.00796685787126,0.359732072498,0.889468431473
0.00796685787126,0.362096138692,0.888083457947
0.00812619502868,0.362096138692,0.887857556343
0.00812619502868,0.363672182821,0.887194991112
0.00828553218611,0.363672182821,0.886695921421
0.00828553218611,0.364066193853,0.886591076851
0.00844486934353,0.364066193853,0.886257767677
0.00844486934353,0.365642237983,0.885793149471
0.00860420650096,0.365642237983,0.885526657104
0.00860420650096,0.369188337273,0.883552074432
0.00876354365838,0.369188337273,0.883491456509
0.00876354365838,0.369582348306,0.883080780506
0.00892288081581,0.369582348306,0.883077383041
0.00892288081581,0.373128447597,0.881963014603
0.00908221797323,0.373128447597,0.881788015366
0.00908221797323,0.373522458629,0.881734788418
0.00924155513066,0.373522458629,0.881700158119
0.00924155513066,0.376674546887,0.880159080029
0.00940089228808,0.376674546887,0.87975269556
0.00940089228808,0.37706855792,0.879485309124
0.00971956660293,0.37706855792,0.879156768322
0.00971956660293,0.379038613081,0.878330588341
0.00987890376036,0.379038613081,0.878315627575
0.00987890376036,0.379826635146,0.878044962883
0.0100382409178,0.379826635146,0.878008961678
0.0100382409178,0.381796690307,0.877370178699
0.0101975780752,0.381796690307,0.877115666866
0.0101975780752,0.383766745469,0.876633346081
0.0103569152326,0.383766745469,0.876460254192
0.0103569152326,0.386524822695,0.875328958035
0.0105162523901,0.386524822695,0.874790430069
0.0105162523901,0.388100866824,0.874165713787
0.0106755895475,0.388100866824,0.874132275581
0.0106755895475,0.390464933018,0.872606873512
0.0108349267049,0.390464933018,0.872340321541
0.0108349267049,0.393617021277,0.870780467987
0.0109942638623,0.393617021277,0.870772004128
0.0109942638623,0.394405043341,0.870357573032
0.0111536010198,0.394405043341,0.870150089264
0.0111536010198,0.399133175729,0.868358790874
0.0113129381772,0.399133175729,0.868324875832
0.0113129381772,0.399527186761,0.868320763111
0.0113129381772,0.400315208826,0.868288457394
0.0113129381772,0.403073286052,0.86719763279
0.0114722753346,0.403073286052,0.867150187492
0.0114722753346,0.403467297084,0.866846680641
0.011631612492,0.403467297084,0.866739451885
0.011631612492,0.404255319149,0.865788042545
0.0117909496495,0.404255319149,0.865702152252
0.0117909496495,0.405437352246,0.865386724472
0.0119502868069,0.405437352246,0.864647507668
0.0119502868069,0.406619385343,0.863833785057
0.0121096239643,0.406619385343,0.863772809505
0.0121096239643,0.407013396375,0.863537490368
0.0122689611217,0.407013396375,0.863385796547
0.0122689611217,0.408195429472,0.862732350826
0.0124282982792,0.408195429472,0.862729787827
0.0124282982792,0.408589440504,0.862548708916
0.0125876354366,0.408589440504,0.862494528294
0.0125876354366,0.409771473601,0.862179219723
0.012746972594,0.409771473601,0.862015545368
0.012746972594,0.415287628054,0.860371351242
0.0129063097514,0.415287628054,0.860211968422
0.0129063097514,0.415681639086,0.859903335571
0.0130656469089,0.415681639086,0.859863400459
0.0130656469089,0.418439716312,0.858838558197
0.0132249840663,0.418439716312,0.858626723289
0.0132249840663,0.419227738377,0.858448982239
0.0133843212237,0.419227738377,0.858438193798
0.0133843212237,0.423955870764,0.857143163681
0.0135436583811,0.423955870764,0.857098639011
0.0135436583811,0.426319936958,0.856192529202
0.0137029955386,0.426319936958,0.855852663517
0.0137029955386,0.427501970055,0.85533875227
0.013862332696,0.427501970055,0.854913711548
0.013862332696,0.427895981087,0.854872822762
0.0141810070108,0.427895981087,0.854172706604
0.0141810070108,0.432624113475,0.851854979992
0.0144996813257,0.432624113475,0.851456999779
0.0144996813257,0.434594168637,0.850615382195
0.0146590184831,0.434594168637,0.850494086742
0.0146590184831,0.439322301024,0.84895503521
0.0148183556405,0.439322301024,0.848839581013
0.0148183556405,0.440504334121,0.847889184952
0.014977692798,0.440504334121,0.847856998444
0.014977692798,0.440898345154,0.847354531288
0.0152963671128,0.440898345154,0.846968412399
0.0152963671128,0.442474389283,0.846438348293
0.0156150414277,0.442474389283,0.84637337923
0.0156150414277,0.445232466509,0.844873428345
0.0157743785851,0.445232466509,0.844640254974
0.0157743785851,0.451536643026,0.841356575489
0.0159337157425,0.451536643026,0.841176211834
0.0159337157425,0.452718676123,0.840138673782
0.0160930528999,0.452718676123,0.839512526989
0.0160930528999,0.453506698188,0.839171290398
0.0162523900574,0.453506698188,0.839154362679
0.0162523900574,0.45390070922,0.838945448399
0.0164117272148,0.45390070922,0.838859438896
0.0164117272148,0.458628841608,0.835538685322
0.0167304015296,0.458628841608,0.835185050964
0.0167304015296,0.45902285264,0.835107564926
0.0168897386871,0.45902285264,0.835000813007
0.0168897386871,0.46414499606,0.831703305244
0.0170490758445,0.46414499606,0.831535458565
0.0170490758445,0.465721040189,0.830904781818
0.0172084130019,0.465721040189,0.830816984177
0.0172084130019,0.466509062254,0.830089151859
0.0173677501593,0.466509062254,0.830083191395
0.0173677501593,0.469661150512,0.828467845917
0.0175270873168,0.469661150512,0.82785731554
0.0175270873168,0.471237194641,0.827122867107
0.0178457616316,0.471237194641,0.826962888241
0.0178457616316,0.472419227738,0.826152265072
0.018005098789,0.472419227738,0.826132416725
0.018005098789,0.472813238771,0.825764238834
0.0181644359465,0.472813238771,0.825420796871
0.0181644359465,0.476359338061,0.823821544647
0.0183237731039,0.476359338061,0.823770821095
0.0183237731039,0.477935382191,0.822846531868
0.0184831102613,0.477935382191,0.822778463364
0.0184831102613,0.48463356974,0.818916022778
0.0186424474187,0.48463356974,0.818806290627
0.0186424474187,0.485815602837,0.816962897778
0.0188017845762,0.485815602837,0.816732108593
0.0188017845762,0.491725768322,0.814897358418
0.0189611217336,0.491725768322,0.814320147038
0.0189611217336,0.49487785658,0.812370538712
0.019120458891,0.49487785658,0.812306284904
0.019120458891,0.495271867612,0.812184333801
0.0192797960484,0.495271867612,0.81200748682
0.0192797960484,0.496059889677,0.81192690134
0.0195984703633,0.496059889677,0.81109726429
0.0195984703633,0.499211977935,0.809362530708
0.0197578075207,0.499211977935,0.808960318565
0.0197578075207,0.499605988968,0.808874845505
0.0199171446781,0.499605988968,0.808511257172
0.0199171446781,0.503152088258,0.807021081448
0.020235818993,0.503152088258,0.806536197662
0.020235818993,0.508668242711,0.803134202957
0.0203951561504,0.508668242711,0.803004264832
0.0203951561504,0.509062253743,0.802825272083
0.0208731676227,0.509062253743,0.802453041077
0.0208731676227,0.514972419228,0.798857986927
0.0210325047801,0.514972419228,0.798163890839
0.0210325047801,0.51536643026,0.797921776772
0.0215105162524,0.51536643026,0.79732209444
0.0215105162524,0.515760441292,0.797204196453
0.0218291905672,0.515760441292,0.796954035759
0.0219885277247,0.515760441292,0.796877264977
0.0219885277247,0.518518518519,0.795556008816
0.0221478648821,0.518518518519,0.795459091663
0.0221478648821,0.518912529551,0.795392155647
0.0223072020395,0.518912529551,0.795354485512
0.0223072020395,0.520882584712,0.794818460941
0.0224665391969,0.520882584712,0.793825626373
0.0224665391969,0.521276595745,0.793665468693
0.0227852135118,0.521276595745,0.793358981609
0.0227852135118,0.524034672971,0.792104303837
0.0229445506692,0.524034672971,0.792060911655
0.0229445506692,0.526398739165,0.790739834309
0.0231038878266,0.526398739165,0.790574550629
0.0231038878266,0.53073286052,0.78686195612
0.0232632249841,0.53073286052,0.786605656147
0.0232632249841,0.533096926714,0.785508215427
0.0234225621415,0.533096926714,0.785487532616
0.0234225621415,0.533884948779,0.784697771072
0.0235818992989,0.533884948779,0.784618556499
0.0235818992989,0.53585500394,0.783744394779
0.0237412364563,0.53585500394,0.783666491508
0.0237412364563,0.536249014972,0.783624649048
0.0240599107712,0.536249014972,0.783437073231
0.0240599107712,0.538613081166,0.78251349926
0.0242192479286,0.538613081166,0.782304286957
0.0242192479286,0.539401103231,0.782245516777
0.024378585086,0.539401103231,0.782145380974
0.024378585086,0.539795114263,0.781895637512
0.0245379222435,0.539795114263,0.781852424145
0.0245379222435,0.542947202522,0.780306875706
0.0246972594009,0.542947202522,0.779836893082
0.0246972594009,0.544129235619,0.779682278633
0.0248565965583,0.544129235619,0.7794932127
0.0248565965583,0.545705279748,0.77796959877
0.0251752708732,0.545705279748,0.777602016926
0.0251752708732,0.548463356974,0.775438249111
0.0253346080306,0.548463356974,0.775243401527
0.0253346080306,0.548857368006,0.7751917243
0.025493945188,0.548857368006,0.775124847889
0.025493945188,0.549251379039,0.775068640709
0.0258126195029,0.549251379039,0.774705708027
0.0258126195029,0.549645390071,0.774583816528
0.0259719566603,0.549645390071,0.773999154568
0.0259719566603,0.550039401103,0.773741841316
0.0262906309751,0.550039401103,0.773196518421
0.0262906309751,0.550433412136,0.773017704487
0.0264499681326,0.550433412136,0.772574901581
0.0264499681326,0.552009456265,0.771270394325
0.02660930529,0.552009456265,0.771192014217
0.02660930529,0.553191489362,0.770859718323
0.0272466539197,0.553191489362,0.769739866257
0.0272466539197,0.553979511426,0.769440770149
0.0272466539197,0.554767533491,0.769280016422
0.0272466539197,0.55634357762,0.768803417683
0.0274059910771,0.55634357762,0.768744468689
0.0274059910771,0.557131599685,0.768498897552
0.0275653282345,0.557131599685,0.768275499344
0.0275653282345,0.559889676911,0.766741991043
0.027724665392,0.559889676911,0.766695380211
0.027724665392,0.561859732072,0.765632033348
0.0280433397068,0.561859732072,0.765575349331
0.0280433397068,0.562647754137,0.76500082016
0.0282026768642,0.562647754137,0.764817118645
0.0282026768642,0.563041765169,0.764731407166
0.0283620140217,0.563041765169,0.764566779137
0.0283620140217,0.563829787234,0.763764858246
0.0285213511791,0.563829787234,0.763659834862
0.0285213511791,0.565011820331,0.762243330479
0.0288400254939,0.565011820331,0.761968970299
0.0288400254939,0.565799842396,0.76147788763
0.0289993626514,0.565799842396,0.760983765125
0.0289993626514,0.568951930654,0.758783817291
0.0291586998088,0.568951930654,0.758614420891
0.0291586998088,0.570527974783,0.757298827171
0.0294773741236,0.570527974783,0.756039142609
0.0294773741236,0.570921985816,0.755713582039
0.0296367112811,0.570921985816,0.754840433598
0.0296367112811,0.575256107171,0.752714037895
0.0297960484385,0.575256107171,0.752283036709
0.0297960484385,0.578014184397,0.749410688877
0.0299553855959,0.578014184397,0.749316751957
0.0299553855959,0.578802206462,0.749164104462
0.0301147227533,0.578802206462,0.748855769634
0.0301147227533,0.579590228526,0.748520433903
0.0302740599108,0.579590228526,0.747658252716
0.0302740599108,0.579984239559,0.747460722923
0.0304333970682,0.579984239559,0.747119069099
0.0304333970682,0.580378250591,0.746964156628
0.0305927342256,0.580378250591,0.746704757214
0.0305927342256,0.581560283688,0.746339321136
0.030752071383,0.581560283688,0.746239364147
0.030752071383,0.58195429472,0.746215045452
0.0309114085405,0.58195429472,0.745915353298
0.0309114085405,0.582348305753,0.745445728302
0.0310707456979,0.582348305753,0.745350778103
0.0310707456979,0.582742316785,0.744668185711
0.0312300828553,0.582742316785,0.744418382645
0.0312300828553,0.585106382979,0.743318498135
0.0313894200127,0.585106382979,0.742851436138
0.0313894200127,0.586288416076,0.742224574089
0.0315487571702,0.586288416076,0.741960942745
0.0315487571702,0.586682427108,0.741931796074
0.031867431485,0.586682427108,0.741113305092
0.031867431485,0.588258471237,0.740623831749
0.0320267686424,0.588258471237,0.740568935871
0.0320267686424,0.589440504334,0.739079415798
0.0326641172721,0.589440504334,0.738170742989
0.0326641172721,0.591804570528,0.736933588982
0.0328234544296,0.591804570528,0.736558794975
0.0328234544296,0.59219858156,0.736504018307
0.032982791587,0.59219858156,0.736394822598
0.032982791587,0.592592592593,0.73634403944
0.0334608030593,0.592592592593,0.735664367676
0.0334608030593,0.59377462569,0.734697759151
0.0339388145315,0.59377462569,0.734200239182
0.0339388145315,0.594956658786,0.733781635761
0.034098151689,0.594956658786,0.732744634151
0.034098151689,0.596138691883,0.731204211712
0.0344168260038,0.596138691883,0.730802059174
0.0344168260038,0.596926713948,0.730307996273
0.0345761631612,0.596926713948,0.73026150465
0.0345761631612,0.597714736013,0.729874312878
0.0347355003187,0.597714736013,0.729680597782
0.0347355003187,0.600472813239,0.727306306362
0.0348948374761,0.600472813239,0.727196931839
0.0348948374761,0.601654846336,0.726467490196
0.0353728489484,0.601654846336,0.72471421957
0.0353728489484,0.60401891253,0.72362023592
0.0355321861058,0.60401891253,0.723395943642
0.0355321861058,0.605200945626,0.722993075848
0.0356915232632,0.605200945626,0.722337126732
0.0356915232632,0.607959022853,0.720585346222
0.0361695347355,0.607959022853,0.720216035843
0.0361695347355,0.608747044917,0.71928101778
0.0363288718929,0.608747044917,0.719238817692
0.0363288718929,0.613081166273,0.716407835484
0.0366475462078,0.613081166273,0.715730667114
0.0366475462078,0.61426319937,0.713620305061
0.0369662205226,0.61426319937,0.71359449625
0.0371255576801,0.61426319937,0.713513195515
0.0371255576801,0.615051221434,0.713350892067
0.0374442319949,0.615051221434,0.712568700314
0.0374442319949,0.615445232467,0.712348401546
0.0377629063098,0.615445232467,0.711619138718
0.0377629063098,0.616233254531,0.711391150951
0.0379222434672,0.616233254531,0.710623502731
0.0379222434672,0.616627265563,0.710274636745
0.0380815806246,0.616627265563,0.710211515427
0.0380815806246,0.617415287628,0.709880948067
0.038240917782,0.617415287628,0.709236264229
0.038240917782,0.618597320725,0.70860683918
0.0384002549395,0.618597320725,0.708299100399
0.0384002549395,0.618991331757,0.708068072796
0.0387189292543,0.618991331757,0.706786811352
0.0387189292543,0.620567375887,0.702972590923
0.0388782664117,0.620567375887,0.70290595293
0.0388782664117,0.623325453113,0.701118648052
0.0391969407266,0.623325453113,0.700682222843
0.0391969407266,0.623719464145,0.700633168221
0.0396749521989,0.623719464145,0.699790239334
0.0396749521989,0.624113475177,0.69945448637
0.0398342893563,0.624113475177,0.69927328825
0.0398342893563,0.624901497242,0.698318898678
0.0401529636711,0.624901497242,0.698150396347
0.0401529636711,0.625689519307,0.697712957859
0.040471637986,0.625689519307,0.697386205196
0.040471637986,0.626083530339,0.696750104427
0.0406309751434,0.626083530339,0.69674539566
0.0406309751434,0.626477541371,0.696698844433
0.0409496494583,0.626477541371,0.695718169212
0.0409496494583,0.627659574468,0.69521099329
0.0411089866157,0.627659574468,0.694820404053
0.0411089866157,0.628447596533,0.694740414619
0.0412683237731,0.628447596533,0.694726765156
0.0412683237731,0.629235618597,0.694177687168
0.041586998088,0.629235618597,0.69376885891
0.041586998088,0.630023640662,0.693680167198
0.0417463352454,0.630023640662,0.69344586134
0.0417463352454,0.630811662727,0.693037629128
0.0419056724028,0.630811662727,0.692937135696
0.0419056724028,0.631599684791,0.692547678947
0.0420650095602,0.631599684791,0.691727876663
0.0420650095602,0.632387706856,0.690371632576
0.0423836838751,0.632387706856,0.689028143883
0.0423836838751,0.633569739953,0.688596069813
0.0427023581899,0.633569739953,0.688310682774
0.0427023581899,0.633963750985,0.688211798668
0.0431803696622,0.633963750985,0.687710046768
0.0431803696622,0.634357762017,0.687537133694
0.0434990439771,0.634357762017,0.686379909515
0.0434990439771,0.635539795114,0.685626208782
0.0436583811345,0.635539795114,0.684972405434
0.0436583811345,0.636327817179,0.684616684914
0.0438177182919,0.636327817179,0.684204816818
0.0438177182919,0.636721828211,0.684146225452
0.0439770554493,0.636721828211,0.683453261852
0.0439770554493,0.637509850276,0.682898461819
0.0444550669216,0.637509850276,0.681354343891
0.0444550669216,0.640267927502,0.679172456264
0.044614404079,0.640267927502,0.679110527039
0.044614404079,0.641055949567,0.678811192513
0.0447737412365,0.641055949567,0.678638219833
0.0447737412365,0.642237982664,0.677982926369
0.0450924155513,0.642237982664,0.677807927132
0.0450924155513,0.642631993696,0.677729606628
0.0454110898662,0.642631993696,0.677525401115
0.0454110898662,0.64342001576,0.676567435265
0.0455704270236,0.64342001576,0.676475048065
0.0455704270236,0.64499605989,0.675915598869
0.0458891013384,0.64499605989,0.675549507141
0.0458891013384,0.645390070922,0.675530076027
0.0462077756533,0.645390070922,0.675389826298
0.0462077756533,0.646178092987,0.674903333187
0.0466857871256,0.646178092987,0.673786997795
0.0466857871256,0.646572104019,0.673372387886
0.046845124283,0.646572104019,0.673353672028
0.046845124283,0.646966115051,0.672635257244
0.0478011472275,0.646966115051,0.671568393707
0.0478011472275,0.647360126084,0.67075753212
0.047960484385,0.647360126084,0.670680344105
0.047960484385,0.65011820331,0.668373346329
0.0481198215424,0.65011820331,0.668222784996
0.0481198215424,0.652876280536,0.666213750839
0.0485978330147,0.652876280536,0.665009796619
0.0485978330147,0.6536643026,0.66415899992
0.0487571701721,0.6536643026,0.663990616798
0.0487571701721,0.654058313633,0.663968324661
0.0489165073295,0.654058313633,0.663841485977
0.0489165073295,0.654846335697,0.663790762424
0.0492351816444,0.654846335697,0.663682878017
0.0492351816444,0.656028368794,0.662953495979
0.0493945188018,0.656028368794,0.662707149982
0.0493945188018,0.656422379827,0.662565171719
0.0495538559592,0.656422379827,0.662486195564
0.0495538559592,0.656816390859,0.662309527397
0.0500318674315,0.656816390859,0.66116887331
0.0500318674315,0.657210401891,0.660906851292
0.0501912045889,0.657210401891,0.660604774952
0.0501912045889,0.657604412924,0.660033583641
0.0505098789038,0.657604412924,0.659857213497
0.0505098789038,0.657998423956,0.659325659275
0.0506692160612,0.657998423956,0.659130215645
0.0506692160612,0.658392434988,0.658879876137
0.0508285532186,0.658392434988,0.657998383045
0.0508285532186,0.659180457053,0.657783389091
0.050987890376,0.659180457053,0.657506346703
0.050987890376,0.659968479117,0.657109260559
0.0511472275335,0.659968479117,0.656932234764
0.0511472275335,0.660756501182,0.656142413616
0.0513065646909,0.660756501182,0.655600726604
0.0513065646909,0.663908589441,0.653400301933
0.0514659018483,0.663908589441,0.65282022953
0.0514659018483,0.666666666667,0.650934875011
0.0517845761632,0.666666666667,0.650610625744
0.0517845761632,0.668636721828,0.64930665493
0.0519439133206,0.668636721828,0.649067699909
0.0519439133206,0.669424743893,0.648732960224
0.0524219247929,0.669424743893,0.648271977901
0.0524219247929,0.669818754925,0.648024439812
0.0527405991077,0.669818754925,0.647812604904
0.0527405991077,0.67572892041,0.642404794693
0.05321861058,0.67572892041,0.640456855297
0.05321861058,0.676122931442,0.640116512775
0.0533779477374,0.676122931442,0.639926254749
0.0533779477374,0.676910953507,0.639920771122
0.0535372848948,0.676910953507,0.639748036861
0.0535372848948,0.677698975571,0.639622569084
0.0536966220523,0.677698975571,0.639448344707
0.0536966220523,0.678486997636,0.639302253723
0.054333970682,0.678486997636,0.638298988342
0.054333970682,0.680457052797,0.637144982815
0.0544933078394,0.680457052797,0.636504530907
0.0544933078394,0.68085106383,0.636360764503
0.0548119821542,0.68085106383,0.636168897152
0.0548119821542,0.681639085894,0.635845005512
0.0551306564691,0.681639085894,0.634528696537
0.0551306564691,0.682033096927,0.6342638731
0.0557680050988,0.682033096927,0.631812274456
0.0557680050988,0.684003152088,0.629496335983
0.0565646908859,0.684003152088,0.627282559872
0.0565646908859,0.684791174153,0.626897275448
0.0567240280433,0.684791174153,0.626697301865
0.0567240280433,0.685579196217,0.626422584057
0.057361376673,0.685579196217,0.624623835087
0.057361376673,0.687155240347,0.622623085976
0.0575207138305,0.687155240347,0.622622668743
0.0575207138305,0.688337273444,0.621932387352
0.0576800509879,0.688337273444,0.621525406837
0.0576800509879,0.688731284476,0.620962262154
0.0578393881453,0.688731284476,0.620855510235
0.0578393881453,0.689125295508,0.620755791664
0.0583173996176,0.689125295508,0.61991995573
0.0583173996176,0.689913317573,0.619798183441
0.0583173996176,0.690701339638,0.619000792503
0.058476736775,0.690701339638,0.618172049522
0.058476736775,0.69109535067,0.618088245392
0.0586360739324,0.69109535067,0.617930412292
0.0586360739324,0.692671394799,0.617465376854
0.0587954110899,0.692671394799,0.617020905018
0.0587954110899,0.693853427896,0.616771399975
0.0592734225621,0.693853427896,0.615918040276
0.0592734225621,0.694641449961,0.615758359432
0.0594327597196,0.694641449961,0.615757167339
0.0594327597196,0.695429472025,0.615609884262
0.0597514340344,0.695429472025,0.614781141281
0.0597514340344,0.697399527187,0.612734794617
0.0599107711918,0.697399527187,0.612643539906
0.0599107711918,0.697793538219,0.612535774708
0.0602294455067,0.697793538219,0.612407267094
0.0602294455067,0.698187549251,0.611943721771
0.0603887826641,0.698187549251,0.611627399921
0.0603887826641,0.699369582348,0.610531508923
0.0605481198215,0.699369582348,0.610267817974
0.0605481198215,0.702127659574,0.607714176178
0.060707456979,0.702127659574,0.607388913631
0.060707456979,0.702915681639,0.607062458992
0.0610261312938,0.702915681639,0.606109201908
0.0610261312938,0.704097714736,0.605641782284
0.0611854684512,0.704097714736,0.60550147295
0.0611854684512,0.704885736801,0.604934811592
0.0615041427661,0.704885736801,0.604394316673
0.0615041427661,0.705279747833,0.604082643986
0.0616634799235,0.705279747833,0.60395783186
0.0616634799235,0.706067769898,0.603495955467
0.0626195028681,0.706067769898,0.602383732796
0.0626195028681,0.707249802994,0.601125955582
0.0629381771829,0.707249802994,0.600142002106
0.0629381771829,0.708037825059,0.599774122238
0.0630975143403,0.708037825059,0.599600613117
0.0630975143403,0.708431836091,0.599108159542
0.0634161886552,0.708431836091,0.597483634949
0.0634161886552,0.708825847124,0.597424149513
0.0635755258126,0.708825847124,0.597212433815
0.0635755258126,0.710401891253,0.595655024052
0.06373486297,0.710401891253,0.595277667046
0.06373486297,0.710795902285,0.595256567001
0.0643722115997,0.710795902285,0.594713807106
0.0643722115997,0.712765957447,0.593426823616
0.0645315487572,0.712765957447,0.593029022217
0.0645315487572,0.713553979511,0.592576861382
0.064850223072,0.713553979511,0.592030525208
0.064850223072,0.713947990544,0.592011094093
0.0650095602294,0.713947990544,0.591878294945
0.0650095602294,0.714342001576,0.591588020325
0.0654875717017,0.714342001576,0.590572953224
0.0654875717017,0.716312056738,0.589196383953
0.0658062460166,0.716312056738,0.588792741299
0.0658062460166,0.71670606777,0.588705837727
0.065965583174,0.71670606777,0.588677346706
0.065965583174,0.717100078802,0.588175714016
0.0664435946463,0.717100078802,0.587732255459
0.0664435946463,0.718676122931,0.586184680462
0.0672402804334,0.718676122931,0.585003972054
0.0672402804334,0.719070133964,0.584957301617
0.0673996175908,0.719070133964,0.584911465645
0.0673996175908,0.720252167061,0.584107160568
0.0675589547482,0.720252167061,0.583216965199
0.0675589547482,0.720646178093,0.582636237144
0.0677182919057,0.720646178093,0.582565009594
0.0677182919057,0.721040189125,0.582530558109
0.0678776290631,0.721040189125,0.582315921783
0.0678776290631,0.72182821119,0.581946909428
0.0680369662205,0.72182821119,0.581903338432
0.0680369662205,0.722222222222,0.581420302391
0.0686743148502,0.722222222222,0.580707669258
0.0686743148502,0.722616233255,0.580660641193
0.0689929891651,0.722616233255,0.580601811409
0.0689929891651,0.723798266351,0.579973876476
0.0694710006373,0.723798266351,0.579371154308
0.0694710006373,0.724586288416,0.578177392483
0.0702676864245,0.724586288416,0.574837803841
0.0702676864245,0.724980299448,0.57440418005
0.0704270235819,0.724980299448,0.57394772768
0.0704270235819,0.725374310481,0.57332700491
0.0705863607393,0.725374310481,0.573244214058
0.0705863607393,0.726162332545,0.572859346867
0.0713830465264,0.726162332545,0.571532726288
0.0713830465264,0.726556343578,0.57133513689
0.0718610579987,0.726556343578,0.570959508419
0.0718610579987,0.727344365642,0.57006585598
0.072339069471,0.727344365642,0.569238781929
0.072339069471,0.727738376675,0.569024562836
0.0726577437859,0.727738376675,0.568937540054
0.0726577437859,0.728132387707,0.568821251392
0.0736137667304,0.728132387707,0.566177666187
0.0736137667304,0.728526398739,0.565621852875
0.0739324410453,0.728526398739,0.564654111862
0.0739324410453,0.729314420804,0.564247250557
0.0742511153601,0.729314420804,0.563177466393
0.0742511153601,0.730496453901,0.56259816885
0.0755258126195,0.730496453901,0.561235904694
0.0755258126195,0.730890464933,0.561199426651
0.0756851497769,0.730890464933,0.56118708849
0.0756851497769,0.731678486998,0.560645580292
0.0761631612492,0.731678486998,0.559572041035
0.0761631612492,0.73207249803,0.559496164322
0.0763224984066,0.73207249803,0.559490442276
0.0763224984066,0.732466509062,0.559355556965
0.0768005098789,0.732466509062,0.557825744152
0.0768005098789,0.732860520095,0.557640314102
0.0769598470363,0.732860520095,0.557188510895
0.0769598470363,0.734436564224,0.556471884251
0.0771191841938,0.734436564224,0.556069076061
0.0771191841938,0.735224586288,0.555485844612
0.0772785213512,0.735224586288,0.555448055267
0.0772785213512,0.736800630418,0.553770840168
0.0779158699809,0.736800630418,0.551873266697
0.0779158699809,0.73719464145,0.55124014616
0.0782345442957,0.73719464145,0.550968170166
0.0782345442957,0.737588652482,0.550694465637
0.0783938814532,0.737588652482,0.550249218941
0.0783938814532,0.738770685579,0.548717021942
0.0785532186106,0.738770685579,0.548707783222
0.0785532186106,0.739164696612,0.548606932163
0.0790312300829,0.739164696612,0.547410786152
0.0790312300829,0.739558707644,0.547377347946
0.0791905672403,0.739558707644,0.546927928925
0.0791905672403,0.740740740741,0.546326756477
0.0793499043977,0.740740740741,0.546103894711
0.0793499043977,0.741134751773,0.545974135399
0.0799872530274,0.741134751773,0.544806301594
0.0799872530274,0.741922773838,0.543969154358
0.0801465901848,0.741922773838,0.543514072895
0.0801465901848,0.74231678487,0.542961418629
0.0804652644997,0.74231678487,0.542537271976
0.0804652644997,0.742710795902,0.542467772961
0.0811026131294,0.742710795902,0.54078245163
0.0811026131294,0.743104806935,0.540719330311
0.0817399617591,0.743104806935,0.538987934589
0.0817399617591,0.743892828999,0.538606464863
0.0820586360739,0.743892828999,0.538486659527
0.0820586360739,0.744680851064,0.538321971893
0.0822179732314,0.744680851064,0.537455499172
0.0822179732314,0.745468873128,0.53691893816
0.0823773103888,0.745468873128,0.536519765854
0.0823773103888,0.745862884161,0.536472082138
0.0825366475462,0.745862884161,0.535867571831
0.0825366475462,0.746256895193,0.535697937012
0.0830146590185,0.746256895193,0.534040153027
0.0830146590185,0.746650906225,0.533942162991
0.0831739961759,0.746650906225,0.533792495728
0.0831739961759,0.747044917258,0.533782660961
0.0834926704908,0.747044917258,0.532935023308
0.0834926704908,0.74743892829,0.532712340355
0.0836520076482,0.74743892829,0.532596290112
0.0836520076482,0.747832939322,0.532406508923
0.0838113448056,0.747832939322,0.532364726067
0.0838113448056,0.748226950355,0.532172679901
0.083970681963,0.748226950355,0.531712889671
0.083970681963,0.750591016548,0.531146764755
0.0842893562779,0.750591016548,0.530564248562
0.0842893562779,0.750985027581,0.530434906483
0.0846080305927,0.750985027581,0.528283953667
0.0846080305927,0.752167060678,0.527333498001
0.0847673677502,0.752167060678,0.526190400124
0.0847673677502,0.752955082742,0.525765001774
0.0849267049076,0.752955082742,0.525731742382
0.0849267049076,0.753349093775,0.52531170845
0.0852453792224,0.753349093775,0.525180578232
0.0852453792224,0.753743104807,0.525122106075
0.0855640535373,0.753743104807,0.525062739849
0.0855640535373,0.754137115839,0.524990737438
0.086201402167,0.754137115839,0.523490548134
0.086201402167,0.754531126872,0.523484528065
0.0863607393244,0.754531126872,0.523281335831
0.0863607393244,0.754925137904,0.523052334785
0.0865200764818,0.754925137904,0.522187948227
0.0865200764818,0.756107171001,0.521295011044
0.0866794136393,0.756107171001,0.521286785603
0.0866794136393,0.756895193065,0.519752800465
0.0871574251115,0.756895193065,0.517822742462
0.0871574251115,0.757289204098,0.517698168755
0.0874760994264,0.757289204098,0.516909062862
0.0874760994264,0.75768321513,0.516510903835
0.0876354365838,0.75768321513,0.516406655312
0.0876354365838,0.758471237195,0.516025364399
0.0877947737412,0.758471237195,0.515406847
0.0877947737412,0.758865248227,0.515389025211
0.0882727852135,0.758865248227,0.515006363392
0.0882727852135,0.759259259259,0.514951705933
0.0889101338432,0.759259259259,0.513865768909
0.0889101338432,0.759653270292,0.513785719872
0.0893881453155,0.759653270292,0.513151884079
0.0893881453155,0.760047281324,0.513040423393
0.0895474824729,0.760047281324,0.512584149837
0.0895474824729,0.761623325453,0.511089742184
0.0897068196303,0.761623325453,0.510944366455
0.0897068196303,0.763199369582,0.510246157646
0.0898661567878,0.763199369582,0.509540200233
0.0898661567878,0.763987391647,0.508902311325
0.0905035054175,0.763987391647,0.507752776146
0.0905035054175,0.765169424744,0.507563889027
0.0908221797323,0.765169424744,0.507169306278
0.0908221797323,0.765957446809,0.507067084312
0.0911408540472,0.765957446809,0.505662441254
0.0911408540472,0.766745468873,0.504829823971
0.091459528362,0.766745468873,0.504056990147
0.091459528362,0.767139479905,0.503972768784
0.0917782026769,0.767139479905,0.50364613533
0.0917782026769,0.768715524035,0.502754867077
0.0920968769917,0.768715524035,0.502063751221
0.0920968769917,0.769897557132,0.500833332539
0.0922562141491,0.769897557132,0.500734448433
0.0922562141491,0.770291568164,0.500438392162
0.0924155513066,0.770291568164,0.499292075634
0.0924155513066,0.770685579196,0.499159485102
0.0928935627788,0.770685579196,0.498812407255
0.0928935627788,0.771079590229,0.49875742197
0.0941682600382,0.771079590229,0.496465057135
0.0941682600382,0.771473601261,0.495943814516
0.0946462715105,0.771473601261,0.495204269886
0.0946462715105,0.771867612293,0.49488145113
0.0948056086679,0.771867612293,0.494556844234
0.0948056086679,0.772655634358,0.494238138199
0.0949649458254,0.772655634358,0.493811219931
0.0949649458254,0.77304964539,0.493788778782
0.0951242829828,0.77304964539,0.493700295687
0.0951242829828,0.773837667455,0.493525505066
0.0954429572976,0.773837667455,0.49343419075
0.0954429572976,0.774231678487,0.49337220192
0.0956022944551,0.774231678487,0.493249714375
0.0956022944551,0.775019700552,0.493111640215
0.0957616316125,0.775019700552,0.492916345596
0.0957616316125,0.776201733649,0.492518812418
0.0959209687699,0.776201733649,0.492333650589
0.0959209687699,0.778959810875,0.491334795952
0.0963989802422,0.778959810875,0.490194261074
0.0963989802422,0.780141843972,0.489168584347
0.096717654557,0.780141843972,0.488223880529
0.096717654557,0.780535855004,0.487944662571
0.0968769917145,0.780535855004,0.487152785063
0.0968769917145,0.781323877069,0.486424803734
0.0971956660293,0.781323877069,0.486397057772
0.0971956660293,0.782111899133,0.486092329025
0.0975143403442,0.782111899133,0.485009163618
0.0975143403442,0.782505910165,0.484942555428
0.0979923518164,0.782505910165,0.484252095222
0.0979923518164,0.782899921198,0.484169691801
0.0995857233907,0.782899921198,0.481580913067
0.0995857233907,0.78329393223,0.481071531773
0.0997450605481,0.78329393223,0.480947643518
0.0997450605481,0.783687943262,0.48085334897
0.10022307202,0.783687943262,0.479814141989
0.10022307202,0.784081954295,0.479672253132
0.10086042065,0.784081954295,0.478787720203
0.10086042065,0.784475965327,0.478686153889
0.101179094965,0.784475965327,0.477958858013
0.101179094965,0.785263987392,0.477543860674
0.101338432122,0.785263987392,0.477324724197
0.101338432122,0.785657998424,0.476530313492
0.10149776928,0.785657998424,0.476482510567
0.10149776928,0.786052009456,0.476409763098
0.101816443595,0.786052009456,0.47615006566
0.101816443595,0.786446020489,0.475413322449
0.102135117909,0.786446020489,0.475251317024
0.102135117909,0.786840031521,0.475228726864
0.102294455067,0.786840031521,0.474892944098
0.102294455067,0.788022064618,0.473815202713
0.102613129382,0.788022064618,0.473572254181
0.102613129382,0.789204097715,0.473127633333
0.103409815169,0.789204097715,0.472312480211
0.103409815169,0.789598108747,0.472185194492
0.103569152326,0.789598108747,0.472171753645
0.103569152326,0.792356185973,0.468956321478
0.104206500956,0.792356185973,0.467904865742
0.104206500956,0.793144208038,0.467719852924
0.104525175271,0.793144208038,0.466934651136
0.104525175271,0.79353821907,0.466013848782
0.104684512428,0.79353821907,0.46585676074
0.104684512428,0.795508274232,0.465088933706
0.104843849586,0.795508274232,0.465057939291
0.104843849586,0.795902285264,0.464332252741
0.105959209688,0.795902285264,0.462114214897
0.105959209688,0.796296296296,0.462075650692
0.106277884003,0.796296296296,0.461475163698
0.106277884003,0.796690307329,0.46129372716
0.106596558317,0.796690307329,0.460532814264
0.106596558317,0.797084318361,0.460305929184
0.107393244105,0.797084318361,0.45960482955
0.107393244105,0.797872340426,0.459386140108
0.108030592734,0.797872340426,0.459073245525
0.108030592734,0.79866036249,0.458369225264
0.108189929892,0.79866036249,0.458297818899
0.108189929892,0.800236406619,0.457818776369
0.108827278521,0.800236406619,0.456665426493
0.108827278521,0.801812450749,0.455354839563
0.109305289994,0.801812450749,0.45396527648
0.109305289994,0.802600472813,0.452744215727
0.109464627151,0.802600472813,0.452665358782
0.109464627151,0.802994483846,0.452266156673
0.110101975781,0.802994483846,0.451024591923
0.110101975781,0.803388494878,0.450174629688
0.110261312938,0.803388494878,0.449916660786
0.110261312938,0.80378250591,0.449850559235
0.110420650096,0.80378250591,0.449725806713
0.110420650096,0.804176516942,0.44922631979
0.110579987253,0.804176516942,0.449008077383
0.110579987253,0.804570527975,0.448837757111
0.111057998725,0.804570527975,0.448298305273
0.111057998725,0.804964539007,0.448062866926
0.11137667304,0.804964539007,0.447454750538
0.11137667304,0.806146572104,0.446947515011
0.112173358827,0.806146572104,0.445838093758
0.112173358827,0.807328605201,0.445481717587
0.112492033142,0.807328605201,0.444880306721
0.112492033142,0.807722616233,0.444860219955
0.112970044614,0.807722616233,0.444376826286
0.112970044614,0.808510638298,0.442706018686
0.113129381772,0.808510638298,0.442403107882
0.113129381772,0.810480693459,0.441172659397
0.113288718929,0.810480693459,0.441141575575
0.113288718929,0.811268715524,0.440593510866
0.113448056087,0.811268715524,0.440400451422
0.113448056087,0.811662726556,0.439928889275
0.113607393244,0.811662726556,0.439864605665
0.113607393244,0.812056737589,0.43981474638
0.114244741874,0.812056737589,0.439239472151
0.114244741874,0.813238770686,0.438405841589
0.114404079031,0.813238770686,0.438291847706
0.114404079031,0.813632781718,0.43817409873
0.114563416189,0.813632781718,0.438084334135
0.114563416189,0.81402679275,0.438081085682
0.115041427661,0.81402679275,0.437368005514
0.115041427661,0.814420803783,0.437266856432
0.115200764818,0.814420803783,0.436819493771
0.115200764818,0.814814814815,0.436299264431
0.115838113448,0.814814814815,0.434909701347
0.115838113448,0.815208825847,0.434864968061
0.115997450605,0.815208825847,0.434835940599
0.115997450605,0.816784869976,0.432404607534
0.11631612492,0.816784869976,0.432312190533
0.11631612492,0.817572892041,0.43114566803
0.116475462078,0.817572892041,0.430667638779
0.116475462078,0.817966903073,0.430647909641
0.116634799235,0.817966903073,0.430354863405
0.116634799235,0.818754925138,0.43027946353
0.117112810707,0.818754925138,0.429767429829
0.117112810707,0.819542947203,0.428982108831
0.118387507967,0.819542947203,0.42774027586
0.118387507967,0.819936958235,0.427006274462
0.118706182282,0.819936958235,0.426912516356
0.118706182282,0.820724980299,0.426500529051
0.119024856597,0.820724980299,0.426448971033
0.119024856597,0.821513002364,0.426336973906
0.119502868069,0.821513002364,0.425712734461
0.119502868069,0.821907013396,0.425408035517
0.120140216699,0.821907013396,0.424073010683
0.120140216699,0.823089046493,0.422789216042
0.120458891013,0.823089046493,0.422673493624
0.120458891013,0.823483057526,0.422596991062
0.120777565328,0.823483057526,0.421629548073
0.120777565328,0.825059101655,0.419535279274
0.12189292543,0.825059101655,0.417522579432
0.12189292543,0.825453112687,0.417429447174
0.122052262588,0.825453112687,0.417028278112
0.122052262588,0.825847123719,0.416893571615
0.122370936902,0.825847123719,0.415988951921
0.122370936902,0.826635145784,0.415809750557
0.12253027406,0.826635145784,0.415595442057
0.12253027406,0.827029156816,0.41551426053
0.122848948375,0.827029156816,0.415059655905
0.122848948375,0.827817178881,0.4141510427
0.123486297004,0.827817178881,0.412240177393
0.123486297004,0.828211189913,0.411954790354
0.123645634162,0.828211189913,0.41187569499
0.123645634162,0.828605200946,0.410819768906
0.123964308477,0.828605200946,0.410068780184
0.123964308477,0.828999211978,0.40973842144
0.124442319949,0.828999211978,0.409462451935
0.124442319949,0.82939322301,0.408562242985
0.124601657106,0.82939322301,0.408302217722
0.124601657106,0.829787234043,0.408250391483
0.125239005736,0.829787234043,0.40687713027
0.125239005736,0.831363278172,0.405822604895
0.125398342894,0.831363278172,0.405606687069
0.125398342894,0.831757289204,0.405555933714
0.125876354366,0.831757289204,0.404664665461
0.125876354366,0.832151300236,0.403987109661
0.126513702996,0.832151300236,0.403409093618
0.126513702996,0.832545311269,0.403321623802
0.126991714468,0.832545311269,0.402656137943
0.126991714468,0.832939322301,0.402407050133
0.127151051625,0.832939322301,0.40154671669
0.127151051625,0.833333333333,0.4011464715
0.127310388783,0.833333333333,0.400956809521
0.127310388783,0.833727344366,0.400719434023
0.128266411727,0.833727344366,0.399512916803
0.128266411727,0.834121355398,0.399373948574
0.129222434672,0.834121355398,0.398410588503
0.129222434672,0.83451536643,0.398316353559
0.129381771829,0.83451536643,0.398269504309
0.129381771829,0.834909377463,0.398266673088
0.129541108987,0.834909377463,0.398244559765
0.129541108987,0.835303388495,0.397964209318
0.129859783301,0.835303388495,0.397302865982
0.129859783301,0.835697399527,0.396697103977
0.130019120459,0.835697399527,0.3965023458
0.130019120459,0.836091410559,0.396379381418
0.131293817718,0.836091410559,0.393630176783
0.131293817718,0.836485421592,0.393411129713
0.131453154876,0.836485421592,0.393398582935
0.131453154876,0.837273443656,0.392504870892
0.131931166348,0.837273443656,0.392386049032
0.131931166348,0.837667454689,0.391443878412
0.132887189293,0.837667454689,0.390009135008
0.132887189293,0.838061465721,0.389888584614
0.133205863607,0.838061465721,0.389243781567
0.133205863607,0.838849487786,0.388912916183
0.133524537922,0.838849487786,0.388396501541
0.133524537922,0.839243498818,0.38824826479
0.13368387508,0.839243498818,0.387996405363
0.13368387508,0.840425531915,0.387406378984
0.134321223709,0.840425531915,0.386644273996
0.134321223709,0.840819542947,0.386421024799
0.135277246654,0.840819542947,0.385942041874
0.135277246654,0.841607565012,0.385066092014
0.135914595284,0.841607565012,0.384051352739
0.135914595284,0.842001576044,0.383954405785
0.1373486297,0.842001576044,0.381769031286
0.1373486297,0.842395587076,0.381360143423
0.137826641173,0.842395587076,0.379447758198
0.137826641173,0.842789598109,0.379416704178
0.138782664117,0.842789598109,0.378745883703
0.138782664117,0.843577620173,0.378467053175
0.139101338432,0.843577620173,0.377694606781
0.139101338432,0.843971631206,0.377547889948
0.139420012747,0.843971631206,0.376908749342
0.139420012747,0.844365642238,0.376869022846
0.140694710006,0.844365642238,0.374296545982
0.140694710006,0.845547675335,0.37387239933
0.140854047164,0.845547675335,0.373722970486
0.140854047164,0.845941686367,0.373260140419
0.141013384321,0.845941686367,0.373007804155
0.141013384321,0.8463356974,0.372794747353
0.141491395793,0.8463356974,0.371679723263
0.141491395793,0.847123719464,0.371492415667
0.14292543021,0.847123719464,0.369366526604
0.14292543021,0.847911741529,0.368910729885
0.14356277884,0.847911741529,0.367667347193
0.14356277884,0.848305752561,0.367528915405
0.143722115997,0.848305752561,0.366493165493
0.143722115997,0.848699763593,0.366480886936
0.144518801785,0.848699763593,0.364730536938
0.144518801785,0.849093774626,0.364677637815
0.144837476099,0.849093774626,0.364613741636
0.144837476099,0.84988179669,0.364447563887
0.145952836201,0.84988179669,0.362548708916
0.145952836201,0.850275807723,0.361968040466
0.146271510516,0.850275807723,0.361743062735
0.146271510516,0.850669818755,0.361703336239
0.146590184831,0.850669818755,0.361140191555
0.146590184831,0.85145784082,0.360846757889
0.147386870618,0.85145784082,0.359901368618
0.147386870618,0.851851851852,0.359869539738
0.147546207776,0.851851851852,0.359823524952
0.147546207776,0.852639873916,0.359669327736
0.148024219248,0.852639873916,0.359397917986
0.148024219248,0.853033884949,0.359314620495
0.14977692798,0.853033884949,0.35754263401
0.14977692798,0.853427895981,0.357528239489
0.149936265137,0.853427895981,0.357394933701
0.149936265137,0.854609929078,0.356835275888
0.150414276609,0.854609929078,0.356422036886
0.150414276609,0.85500394011,0.356199920177
0.150732950924,0.85500394011,0.356060355902
0.150732950924,0.855791962175,0.355449736118
0.151210962396,0.855791962175,0.354875713587
0.151210962396,0.85657998424,0.354459762573
0.151848311026,0.85657998424,0.353480488062
0.151848311026,0.856973995272,0.353358596563
0.152007648184,0.856973995272,0.353289097548
0.152007648184,0.857368006304,0.352944552898
0.152644996813,0.857368006304,0.351641595364
0.152644996813,0.858156028369,0.351092040539
0.152804333971,0.858156028369,0.35109180212
0.152804333971,0.858550039401,0.351074486971
0.1534416826,0.858550039401,0.349467664957
0.1534416826,0.858944050433,0.349301934242
0.154397705545,0.858944050433,0.348286539316
0.154397705545,0.859338061466,0.348187536001
0.154557042702,0.859338061466,0.347938895226
0.154557042702,0.859732072498,0.347763329744
0.154875717017,0.859732072498,0.347511440516
0.154875717017,0.86012608353,0.347277879715
0.155035054175,0.86012608353,0.347219467163
0.155035054175,0.860914105595,0.347010344267
0.155513065647,0.860914105595,0.344555079937
0.155513065647,0.86170212766,0.343995302916
0.155672402804,0.86170212766,0.343936890364
0.155672402804,0.862096138692,0.343141943216
0.158062460166,0.862096138692,0.339701443911
0.158062460166,0.862884160757,0.339035749435
0.158221797323,0.862884160757,0.338611483574
0.158221797323,0.863278171789,0.337862551212
0.158859145953,0.863278171789,0.337047964334
0.158859145953,0.863672182821,0.3367664814
0.161727214786,0.863672182821,0.334091305733
0.161727214786,0.864460204886,0.33405071497
0.163798597833,0.864460204886,0.330486416817
0.163798597833,0.86524822695,0.330462127924
0.164754620778,0.86524822695,0.328276216984
0.164754620778,0.865642237983,0.327883929014
0.165391969407,0.865642237983,0.325726479292
0.165391969407,0.866036249015,0.3257163167
0.165551306565,0.866036249015,0.325712949038
0.165551306565,0.866430260047,0.3253647089
0.165710643722,0.866430260047,0.325076490641
0.165710643722,0.86682427108,0.324794113636
0.16586998088,0.86682427108,0.324756920338
0.166188655194,0.86682427108,0.324719637632
0.166666666667,0.86682427108,0.324393123388
0.166666666667,0.867218282112,0.324334740639
0.168419375398,0.867218282112,0.32273542881
0.168419375398,0.867612293144,0.322646975517
0.17017208413,0.867612293144,0.320341676474
0.17017208413,0.868006304177,0.31997781992
0.170331421287,0.868006304177,0.319757372141
0.170331421287,0.868400315209,0.319516807795
0.170490758445,0.868400315209,0.319467872381
0.170490758445,0.868794326241,0.319224029779
0.172402804334,0.868794326241,0.317901581526
0.172402804334,0.869188337273,0.317836910486
0.173040152964,0.869188337273,0.317093163729
0.173040152964,0.869582348306,0.316614061594
0.173518164436,0.869582348306,0.316465705633
0.173518164436,0.869976359338,0.316346168518
0.173836838751,0.869976359338,0.315929085016
0.173836838751,0.87037037037,0.31580516696
0.174155513066,0.87037037037,0.314949214458
0.174155513066,0.870764381403,0.314808398485
0.175270873168,0.870764381403,0.314285933971
0.175270873168,0.871158392435,0.314239263535
0.176864244742,0.871158392435,0.31056791544
0.176864244742,0.871552403467,0.310497492552
0.177023581899,0.871552403467,0.309473544359
0.177023581899,0.8719464145,0.309434086084
0.178457616316,0.8719464145,0.308054327965
0.178457616316,0.872734436564,0.305812329054
0.178776290631,0.872734436564,0.305358499289
0.178776290631,0.873128447597,0.305210351944
0.179572976418,0.873128447597,0.304837107658
0.179572976418,0.873522458629,0.304791927338
0.180210325048,0.873522458629,0.304220438004
0.180210325048,0.873916469661,0.304210066795
0.180528999363,0.873916469661,0.304117709398
0.180528999363,0.874310480693,0.304000288248
0.183715742511,0.874310480693,0.300700873137
0.183715742511,0.875098502758,0.300466746092
0.183875079669,0.875098502758,0.300451606512
0.183875079669,0.87549251379,0.300128430128
0.184671765456,0.87549251379,0.29964697361
0.184671765456,0.875886524823,0.299624741077
0.186105799873,0.875886524823,0.296704500914
0.186105799873,0.876280535855,0.296332329512
0.187380497132,0.876280535855,0.295529603958
0.187380497132,0.87706855792,0.295367687941
0.187539834289,0.87706855792,0.295286089182
0.187539834289,0.877462568952,0.295231878757
0.189133205864,0.877462568952,0.292929202318
0.189133205864,0.878250591017,0.292905002832
0.191363926068,0.878250591017,0.289480179548
0.191363926068,0.878644602049,0.289321511984
0.191682600382,0.878644602049,0.289278268814
0.191682600382,0.879038613081,0.289272516966
0.19184193754,0.879038613081,0.289208084345
0.19184193754,0.879432624113,0.289182722569
0.192319949012,0.879432624113,0.288773328066
0.192319949012,0.88061465721,0.288127243519
0.193753983429,0.88061465721,0.286509096622
0.193753983429,0.881008668243,0.286383032799
0.194231994901,0.881008668243,0.286205619574
0.194231994901,0.881402679275,0.286116927862
0.195506692161,0.881402679275,0.283944547176
0.195825366475,0.881402679275,0.283837080002
0.195825366475,0.881796690307,0.283238857985
0.196462715105,0.881796690307,0.282095223665
0.196462715105,0.88219070134,0.281881123781
0.197737412365,0.88219070134,0.279634177685
0.197737412365,0.882978723404,0.278946012259
0.198056086679,0.882978723404,0.278469979763
0.198056086679,0.883372734437,0.278403699398
0.198215423837,0.883372734437,0.278192311525
0.198215423837,0.883766745469,0.278048247099
0.203951561504,0.883766745469,0.272656708956
0.203951561504,0.884160756501,0.272332131863
0.204110898662,0.884160756501,0.272310018539
0.204110898662,0.884554767533,0.272298812866
0.204429572976,0.884554767533,0.271961718798
0.204429572976,0.884948778566,0.271278828382
0.205226258764,0.884948778566,0.27072301507
0.205226258764,0.885342789598,0.269911855459
0.205385595921,0.885342789598,0.269889235497
0.205385595921,0.88573680063,0.269644290209
0.205544933078,0.88573680063,0.269455224276
0.205544933078,0.88731284476,0.26932618022
0.206182281708,0.88731284476,0.269051492214
0.206182281708,0.887706855792,0.268970310688
0.208253664755,0.887706855792,0.266718000174
0.208253664755,0.888494877857,0.266689866781
0.209209687699,0.888494877857,0.266213566065
0.209209687699,0.888888888889,0.266027599573
0.210643722116,0.888888888889,0.264394849539
0.210643722116,0.889282899921,0.264248371124
0.211281070746,0.889282899921,0.264006733894
0.211281070746,0.889676910954,0.263975948095
0.211599745061,0.889676910954,0.26373770833
0.211599745061,0.890070921986,0.26352840662
0.211918419375,0.890070921986,0.262694984674
0.211918419375,0.890464933018,0.262672573328
0.213033779477,0.890464933018,0.261807441711
0.213033779477,0.89085894405,0.261630445719
0.216698534098,0.89085894405,0.259438037872
0.216698534098,0.891252955083,0.259430617094
0.21717654557,0.891252955083,0.259265303612
0.21717654557,0.891646966115,0.259134113789
0.217335882728,0.891646966115,0.258947700262
0.217335882728,0.892828999212,0.257686972618
0.219885277247,0.892828999212,0.255042463541
0.219885277247,0.893223010244,0.254989922047
0.220363288719,0.893223010244,0.254734992981
0.220363288719,0.893617021277,0.25473049283
0.220841300191,0.893617021277,0.25346878171
0.220841300191,0.894011032309,0.253387331963
0.221319311663,0.894011032309,0.253111869097
0.221319311663,0.894405043341,0.252988964319
0.222912683238,0.894405043341,0.251686215401
0.222912683238,0.894799054374,0.25143751502
0.22339069471,0.894799054374,0.250960171223
0.22339069471,0.895193065406,0.250867426395
0.223550031867,0.895193065406,0.250825375319
0.223550031867,0.895587076438,0.250599563122
0.225940089229,0.895587076438,0.248204559088
0.225940089229,0.896375098503,0.247878417373
0.228170809433,0.896375098503,0.245796740055
0.228170809433,0.896769109535,0.245412737131
0.22960484385,0.896769109535,0.244181573391
0.22960484385,0.8975571316,0.243983343244
0.229923518164,0.8975571316,0.243735939264
0.229923518164,0.897951142632,0.243482530117
0.232632249841,0.897951142632,0.241040199995
0.232632249841,0.898345153664,0.240986809134
0.23326959847,0.898345153664,0.240796491504
0.23326959847,0.898739164697,0.240760549903
0.234066284257,0.898739164697,0.240027889609
0.234066284257,0.899133175729,0.240014016628
0.234862970045,0.899133175729,0.238900095224
0.234862970045,0.899527186761,0.238879472017
0.236615678776,0.899527186761,0.237824320793
0.236615678776,0.899921197794,0.237769261003
0.236934353091,0.899921197794,0.237527057528
0.236934353091,0.900315208826,0.237507194281
0.237731038878,0.900315208826,0.236679911613
0.237731038878,0.900709219858,0.236649826169
0.238687061823,0.900709219858,0.236232385039
0.238687061823,0.901497241923,0.236099079251
0.239165073295,0.901497241923,0.23589900136
0.239165073295,0.902285263987,0.235775336623
0.240280433397,0.902285263987,0.235534548759
0.240280433397,0.903073286052,0.235291615129
0.241873804971,0.903073286052,0.233963012695
0.241873804971,0.903467297084,0.233902990818
0.242511153601,0.903467297084,0.233454152942
0.242511153601,0.903861308117,0.233078420162
0.245379222435,0.903861308117,0.230593562126
0.245379222435,0.904255319149,0.230453535914
0.247291268324,0.904255319149,0.22931215167
0.247291268324,0.904649330181,0.229307577014
0.247609942639,0.904649330181,0.228856727481
0.247609942639,0.905043341214,0.22864434123
0.248565965583,0.905043341214,0.228229925036
0.248565965583,0.905437352246,0.228214100003
0.25063734863,0.905437352246,0.227047532797
0.25063734863,0.90622537431,0.226471170783
0.251593371574,0.90622537431,0.225810334086
0.251593371574,0.907013396375,0.225746929646
0.251752708732,0.907013396375,0.225741863251
0.251752708732,0.907407407407,0.22566473484
0.251912045889,0.907407407407,0.225542798638
0.251912045889,0.90780141844,0.225447654724
0.252390057361,0.90780141844,0.224839821458
0.252390057361,0.908195429472,0.224665045738
0.252708731676,0.908195429472,0.224353089929
0.252708731676,0.908589440504,0.224274545908
0.253186743149,0.908589440504,0.223877266049
0.253186743149,0.908983451537,0.223872631788
0.25557680051,0.908983451537,0.221625208855
0.25557680051,0.909377462569,0.221487313509
0.257648183556,0.909377462569,0.220028281212
0.257648183556,0.909771473601,0.21990314126
0.258763543658,0.909771473601,0.21839928627
0.258763543658,0.910165484634,0.21819858253
0.259400892288,0.910165484634,0.217572927475
0.259400892288,0.910559495666,0.217566117644
0.259560229446,0.910559495666,0.217537462711
0.259560229446,0.910953506698,0.217530980706
0.25987890376,0.910953506698,0.217403188348
0.25987890376,0.91134751773,0.217391327024
0.260675589547,0.91134751773,0.2163772434
0.260675589547,0.912135539795,0.216199100018
0.260994263862,0.912135539795,0.216188639402
0.260994263862,0.912529550827,0.216173291206
0.261472275335,0.912529550827,0.215793758631
0.261472275335,0.913711583924,0.215478524566
0.262746972594,0.913711583924,0.214760959148
0.262746972594,0.914105594957,0.214690893888
0.264977692798,0.914105594957,0.212892711163
0.264977692798,0.914893617021,0.212583720684
0.265296367113,0.914893617021,0.212262138724
0.265296367113,0.915287628054,0.212261870503
0.266411727215,0.915287628054,0.211741819978
0.266411727215,0.915681639086,0.211476698518
0.266889738687,0.915681639086,0.211183816195
0.266889738687,0.916075650118,0.211113631725
0.268164435946,0.916075650118,0.210260927677
0.268164435946,0.916469661151,0.209930002689
0.268323773104,0.916469661151,0.209891468287
0.268323773104,0.916863672183,0.20987392962
0.27039515615,0.916863672183,0.208292856812
0.27039515615,0.917257683215,0.207869574428
0.27103250478,0.917257683215,0.207132443786
0.27103250478,0.917651694247,0.20712710917
0.272147864882,0.917651694247,0.205808520317
0.272147864882,0.918439716312,0.205735892057
0.272466539197,0.918439716312,0.20573464036
0.272466539197,0.918833727344,0.205727264285
0.272625876354,0.918833727344,0.205455452204
0.272625876354,0.919621749409,0.205300211906
0.274537922243,0.919621749409,0.203899741173
0.274537922243,0.920803782506,0.203669413924
0.282504780115,0.920803782506,0.197386622429
0.282504780115,0.921197793538,0.197325110435
0.283460803059,0.921197793538,0.197039291263
0.283460803059,0.921591804571,0.196969911456
0.288559592097,0.921591804571,0.194025158882
0.288559592097,0.921985815603,0.193980157375
0.290312300829,0.921985815603,0.192934185266
0.290312300829,0.922379826635,0.192854762077
0.292383683875,0.922379826635,0.19194573164
0.292383683875,0.922773837667,0.191930428147
0.292543021033,0.922773837667,0.191786751151
0.292543021033,0.9231678487,0.191505625844
0.295411089866,0.9231678487,0.190236672759
0.295411089866,0.923561859732,0.190200164914
0.297163798598,0.923561859732,0.189535424113
0.297482472913,0.923561859732,0.189530447125
0.299235181644,0.923561859732,0.188449293375
0.299235181644,0.923955870764,0.18821644783
0.301784576163,0.923955870764,0.18656027317
0.301784576163,0.924349881797,0.186314478517
0.302103250478,0.924349881797,0.186270192266
0.302103250478,0.924743892829,0.186245143414
0.304015296367,0.924743892829,0.185266911983
0.304015296367,0.925137903861,0.184890538454
0.304971319312,0.925137903861,0.184698283672
0.304971319312,0.925531914894,0.18460740149
0.305289993627,0.925531914894,0.18440720439
0.305289993627,0.925925925926,0.184389233589
0.306086679414,0.925925925926,0.183750063181
0.306086679414,0.926319936958,0.183694720268
0.307998725303,0.926319936958,0.182271018624
0.307998725303,0.926713947991,0.182249054313
0.309592096877,0.926713947991,0.181405737996
0.309592096877,0.927107959023,0.181394904852
0.309751434034,0.927107959023,0.181329756975
0.309751434034,0.927501970055,0.181169345975
0.311982154238,0.927501970055,0.180084303021
0.311982154238,0.927895981087,0.179989516735
0.311982154238,0.928684003152,0.179966598749
0.317558954748,0.928684003152,0.177633553743
0.317558954748,0.929078014184,0.177542999387
0.318514977693,0.929078014184,0.177029132843
0.318514977693,0.929472025217,0.176881834865
0.31994901211,0.929472025217,0.176048204303
0.31994901211,0.930260047281,0.175669237971
0.321064372212,0.930260047281,0.175343841314
0.321064372212,0.930654058314,0.175322264433
0.326959847036,0.930654058314,0.17227524519
0.326959847036,0.931048069346,0.172232955694
0.328393881453,0.931048069346,0.171714946628
0.328393881453,0.931442080378,0.171596542001
0.328871892925,0.931442080378,0.171435639262
0.328871892925,0.931836091411,0.171384513378
0.32982791587,0.931836091411,0.170601740479
0.32982791587,0.932230102443,0.170467436314
0.333970681963,0.932230102443,0.168492212892
0.333970681963,0.932624113475,0.168471306562
0.335723390695,0.932624113475,0.167750760913
0.335723390695,0.933018124507,0.167633458972
0.339069471001,0.933018124507,0.165858343244
0.339069471001,0.93341213554,0.165784358978
0.340025493945,0.93341213554,0.165122494102
0.340025493945,0.933806146572,0.165097668767
0.340184831103,0.933806146572,0.165023997426
0.340184831103,0.934200157604,0.164830252528
0.34098151689,0.934200157604,0.1645924896
0.34098151689,0.934594168637,0.164486303926
0.341618865519,0.934594168637,0.164073035121
0.341618865519,0.934988179669,0.163916096091
0.347355003187,0.934988179669,0.161605939269
0.347355003187,0.935382190701,0.161442935467
0.348470363289,0.935382190701,0.16129270196
0.348470363289,0.935776201734,0.161236047745
0.348629700446,0.935776201734,0.161070376635
0.348629700446,0.936564223798,0.161045983434
0.351179094965,0.936564223798,0.160304605961
0.351179094965,0.936958234831,0.160179853439
0.353091140854,0.936958234831,0.159107416868
0.353091140854,0.937352245863,0.159078553319
0.357871255577,0.937352245863,0.157535284758
0.357871255577,0.937746256895,0.157534077764
0.359464627151,0.937746256895,0.157095834613
0.359464627151,0.938140267928,0.15709233284
0.361536010198,0.938140267928,0.155614793301
0.361536010198,0.93853427896,0.155532777309
0.36631612492,0.93853427896,0.153849095106
0.36631612492,0.938928289992,0.153822496533
0.366794136393,0.938928289992,0.153550073504
0.366794136393,0.939322301024,0.153523787856
0.368228170809,0.939322301024,0.152878701687
0.368228170809,0.939716312057,0.152792394161
0.370777565328,0.939716312057,0.151699781418
0.370777565328,0.940110323089,0.151674449444
0.372211599745,0.940110323089,0.151061668992
0.372211599745,0.940504334121,0.151031419635
0.374760994264,0.940504334121,0.149817422032
0.374760994264,0.940898345154,0.14980109036
0.376513702996,0.940898345154,0.14922760427
0.376513702996,0.941292356186,0.14918667078
0.382249840663,0.941292356186,0.146822601557
0.382249840663,0.941686367218,0.146797597408
0.38240917782,0.941686367218,0.146764993668
0.38240917782,0.942080378251,0.146754533052
0.38304652645,0.942080378251,0.146544665098
0.38304652645,0.942474389283,0.146515488625
0.38798597833,0.942474389283,0.144740626216
0.38798597833,0.942868400315,0.144669279456
0.403282345443,0.942868400315,0.138625949621
0.403282345443,0.943262411348,0.138603180647
0.405353728489,0.943262411348,0.13821811974
0.405353728489,0.94365642238,0.138217449188
0.405991077119,0.94365642238,0.138188362122
0.405991077119,0.944050433412,0.138187915087
0.408859145953,0.944050433412,0.1372166574
0.408859145953,0.944444444444,0.137160822749
0.415073295092,0.944444444444,0.135037466884
0.415073295092,0.944838455477,0.135020494461
0.416188655194,0.944838455477,0.134826183319
0.416188655194,0.945232466509,0.134790405631
0.416507329509,0.945232466509,0.134772762656
0.416507329509,0.945626477541,0.134743124247
0.416826003824,0.945626477541,0.134697332978
0.416826003824,0.946020488574,0.134695038199
0.422880815806,0.946020488574,0.132584184408
0.422880815806,0.946414499606,0.1325186342
0.423996175908,0.946414499606,0.132233053446
0.423996175908,0.946808510638,0.132123142481
0.424792861695,0.946808510638,0.131807655096
0.424792861695,0.947202521671,0.131732180715
0.42638623327,0.947202521671,0.131403133273
0.42638623327,0.947596532703,0.131347984076
0.426704907584,0.947596532703,0.131216689944
0.426704907584,0.948384554768,0.13111576438
0.433237731039,0.948384554768,0.129164516926
0.433237731039,0.9487785658,0.129154667258
0.437380497132,0.9487785658,0.127573132515
0.437380497132,0.949172576832,0.127443939447
0.437699171447,0.949172576832,0.127288028598
0.437699171447,0.949566587864,0.127278089523
0.442319949012,0.949566587864,0.126043960452
0.442319949012,0.949960598897,0.125979915261
0.444391332059,0.949960598897,0.125183880329
0.444391332059,0.950354609929,0.125157102942
0.444710006373,0.950354609929,0.125135198236
0.444710006373,0.950748620961,0.125045105815
0.446462715105,0.950748620961,0.124485179782
0.446462715105,0.951142631994,0.124410741031
0.447737412365,0.951142631994,0.123697496951
0.447737412365,0.951536643026,0.123653836548
0.453314212874,0.951536643026,0.122064009309
0.453314212874,0.951930654058,0.122012257576
0.454588910134,0.951930654058,0.121649459004
0.454588910134,0.952324665091,0.121609829366
0.458572339069,0.952324665091,0.120573610067
0.458572339069,0.952718676123,0.120571374893
0.458731676227,0.952718676123,0.120544031262
0.458731676227,0.953112687155,0.120536863804
0.459369024857,0.953112687155,0.120104022324
0.459369024857,0.953506698188,0.120103336871
0.462077756533,0.953506698188,0.119310818613
0.462077756533,0.95390070922,0.119270265102
0.463033779477,0.95390070922,0.119039677083
0.463033779477,0.954294720252,0.119011037052
0.465423836839,0.954294720252,0.118341632187
0.465423836839,0.954688731284,0.118315972388
0.465583173996,0.954688731284,0.118297845125
0.465583173996,0.955082742317,0.118256777525
0.475780752071,0.955082742317,0.114871397614
0.475780752071,0.955476753349,0.114849358797
0.479764181007,0.955476753349,0.113838665187
0.479764181007,0.955870764381,0.113686665893
0.480560866794,0.955870764381,0.113428629935
0.480560866794,0.956264775414,0.113387919962
0.480879541109,0.956264775414,0.113280318677
0.480879541109,0.956658786446,0.113247007132
0.486934353091,0.956658786446,0.111779667437
0.486934353091,0.957052797478,0.111738093197
0.491077119184,0.957052797478,0.110693834722
0.491077119184,0.957446808511,0.110679522157
0.492511153601,0.957446808511,0.110430158675
0.492511153601,0.957840819543,0.110382162035
0.500956022945,0.957840819543,0.10792633146
0.500956022945,0.958234830575,0.107874028385
0.502708731676,0.958234830575,0.107373058796
0.502708731676,0.958628841608,0.107346199453
0.50557680051,0.958628841608,0.106424801052
0.50557680051,0.959416863672,0.106306709349
0.507170172084,0.959416863672,0.105979576707
0.507170172084,0.959810874704,0.105971671641
0.508604206501,0.959810874704,0.105685465038
0.508604206501,0.960204885737,0.105684548616
0.511631612492,0.960204885737,0.105175189674
0.511631612492,0.960598896769,0.105158783495
0.512268961122,0.960598896769,0.105101294816
0.512268961122,0.960992907801,0.105070263147
0.513543658381,0.960992907801,0.10473690182
0.513862332696,0.960992907801,0.104728251696
0.525493945188,0.960992907801,0.101978264749
0.525493945188,0.961386918834,0.101915813982
0.525653282345,0.961386918834,0.101904816926
0.525653282345,0.961780929866,0.101897329092
0.527405991077,0.961780929866,0.101394042373
0.527405991077,0.962174940898,0.101364485919
0.530752071383,0.962174940898,0.100525438786
0.530752071383,0.962568951931,0.10047288239
0.535213511791,0.962568951931,0.0993105694652
0.535213511791,0.962962962963,0.0993103682995
0.541746335245,0.962962962963,0.0977390930057
0.541746335245,0.963356973995,0.0977161303163
0.544136392607,0.963356973995,0.0972314029932
0.544455066922,0.963356973995,0.0971881523728
0.545251752709,0.963356973995,0.0969405993819
0.545251752709,0.963750985028,0.0969113335013
0.546048438496,0.963750985028,0.0967409089208
0.546048438496,0.96414499606,0.0967084169388
0.548438495857,0.96414499606,0.096342921257
0.548438495857,0.964539007092,0.0962859094143
0.549075844487,0.964539007092,0.096140794456
0.549075844487,0.964933018125,0.0961281731725
0.550669216061,0.964933018125,0.0955595672131
0.550987890376,0.964933018125,0.0954463109374
0.555768005099,0.964933018125,0.0941144451499
0.555768005099,0.965327029157,0.094080992043
0.556883365201,0.965327029157,0.0938430726528
0.556883365201,0.965721040189,0.0937654227018
0.557361376673,0.965721040189,0.0937015265226
0.557361376673,0.966115051221,0.0936956554651
0.557998725303,0.966115051221,0.0936540812254
0.557998725303,0.966509062254,0.0936151072383
0.55879541109,0.966509062254,0.0934505239129
0.55879541109,0.966903073286,0.0934228971601
0.560866794136,0.966903073286,0.0930697545409
0.560866794136,0.967297084318,0.0930676013231
0.568036966221,0.967297084318,0.0916026756167
0.568036966221,0.967691095351,0.0915657058358
0.570108349267,0.967691095351,0.0910994485021
0.570108349267,0.968085106383,0.0910963714123
0.57425111536,0.968085106383,0.0898576751351
0.57425111536,0.968479117415,0.0898220464587
0.577915869981,0.968479117415,0.0890787318349
0.577915869981,0.968873128448,0.0890729054809
0.578075207138,0.968873128448,0.0890546068549
0.578075207138,0.96926713948,0.0890455693007
0.579031230083,0.96926713948,0.0887531712651
0.579031230083,0.969661150512,0.0887215137482
0.579987253027,0.969661150512,0.0885785073042
0.579987253027,0.970055161545,0.088576413691
0.580783938815,0.970055161545,0.0884642377496
0.580783938815,0.970449172577,0.0884505137801
0.585245379222,0.970449172577,0.0876081809402
0.585245379222,0.971237194641,0.087572619319
0.586838750797,0.971237194641,0.0873836949468
0.586838750797,0.971631205674,0.0873818993568
0.588750796686,0.971631205674,0.0870655179024
0.588750796686,0.972025216706,0.0869565531611
0.594327597196,0.972025216706,0.0859859734774
0.594327597196,0.972419227738,0.0859377160668
0.59528362014,0.972419227738,0.0858229920268
0.59528362014,0.972813238771,0.0857195556164
0.595602294455,0.972813238771,0.0856548175216
0.595602294455,0.973207249803,0.0856046155095
0.599267049076,0.973207249803,0.0847841724753
0.599267049076,0.973601260835,0.0847801789641
0.599426386233,0.973601260835,0.0847584083676
0.599426386233,0.973995271868,0.0847098007798
0.604684512428,0.973995271868,0.0835274234414
0.604684512428,0.9743892829,0.0834974646568
0.605321861058,0.9743892829,0.083414144814
0.605321861058,0.974783293932,0.0833667218685
0.606755895475,0.974783293932,0.0831096991897
0.606755895475,0.975177304965,0.0830978900194
0.60707456979,0.975177304965,0.0830571353436
0.60707456979,0.975571315997,0.0830496549606
0.607393244105,0.975571315997,0.0830019712448
0.607393244105,0.975965327029,0.0829978138208
0.613129381772,0.975965327029,0.081877104938
0.613129381772,0.976359338061,0.0818605795503
0.618865519439,0.976359338061,0.0804718583822
0.618865519439,0.976753349094,0.0804516375065
0.619024856597,0.976753349094,0.0804111510515
0.619343530911,0.976753349094,0.0803666785359
0.624601657106,0.976753349094,0.0796137005091
0.624601657106,0.977147360126,0.0796099975705
0.629063097514,0.977147360126,0.0788396820426
0.629063097514,0.977541371158,0.078833296895
0.629222434672,0.977541371158,0.0788310989738
0.629222434672,0.977935382191,0.0788276717067
0.633365200765,0.977935382191,0.0782622694969
0.633365200765,0.978329393223,0.0781576111913
0.633843212237,0.978329393223,0.0781179890037
0.633843212237,0.979117415288,0.0780709907413
0.636073932441,0.979117415288,0.0777708217502
0.636392606756,0.979117415288,0.0777666643262
0.64420012747,0.979117415288,0.0762520283461
0.64420012747,0.97951142632,0.0762446075678
0.646749521989,0.97951142632,0.0755865573883
0.646749521989,0.979905437352,0.0755292028189
0.652166985341,0.979905437352,0.0745557099581
0.652166985341,0.980299448385,0.0745473206043
0.652326322498,0.980299448385,0.0745272189379
0.652326322498,0.980693459417,0.0745146274567
0.653282345443,0.980693459417,0.0744614377618
0.653282345443,0.981087470449,0.0744354203343
0.672084130019,0.981087470449,0.0716557204723
0.672084130019,0.981481481481,0.0716416686773
0.682281708094,0.981481481481,0.0699073895812
0.682281708094,0.981875492514,0.0698546692729
0.683078393881,0.981875492514,0.0697103738785
0.683078393881,0.982269503546,0.0696949064732
0.696940726577,0.982269503546,0.0672658085823
0.696940726577,0.982663514578,0.0672284811735
0.708891013384,0.982663514578,0.0654133036733
0.708891013384,0.983057525611,0.0654043257236
0.716698534098,0.983057525611,0.0640163347125
0.716698534098,0.983451536643,0.064014069736
0.717495219885,0.983451536643,0.063950933516
0.717495219885,0.983845547675,0.0637895464897
0.717973231358,0.983845547675,0.0637423992157
0.717973231358,0.984239558708,0.0637305229902
0.721000637349,0.984239558708,0.0632783025503
0.721000637349,0.98463356974,0.0632718876004
0.723072020395,0.98463356974,0.0627246722579
0.723072020395,0.985027580772,0.0626746192575
0.727214786488,0.985027580772,0.0620393007994
0.727214786488,0.985421591805,0.0620297826827
0.733110261313,0.985421591805,0.0608597621322
0.733110261313,0.985815602837,0.0607887282968
0.736775015934,0.985815602837,0.0602884069085
0.736775015934,0.986209613869,0.0602390095592
0.737890376036,0.986209613869,0.0601408407092
0.737890376036,0.986603624901,0.0601299405098
0.753346080306,0.986603624901,0.0573183037341
0.753346080306,0.986997635934,0.0572347640991
0.756851497769,0.986997635934,0.0568344295025
0.756851497769,0.987391646966,0.0567976534367
0.762746972594,0.987391646966,0.055558681488
0.762746972594,0.987785657998,0.0555316433311
0.763702995539,0.987785657998,0.0553614757955
0.763702995539,0.988179669031,0.0553473010659
0.77103250478,0.988179669031,0.0544170290232
0.77103250478,0.988573680063,0.0543366335332
0.773263224984,0.988573680063,0.0540554635227
0.773263224984,0.988967691095,0.0540395081043
0.782026768642,0.988967691095,0.0525867193937
0.782026768642,0.989361702128,0.0525700226426
0.788400254939,0.989361702128,0.0516424067318
0.788400254939,0.98975571316,0.0515294373035
0.791905672403,0.98975571316,0.0510932281613
0.791905672403,0.990149724192,0.0510790608823
0.800987890376,0.990149724192,0.0497364997864
0.800987890376,0.990543735225,0.0497033558786
0.808954748247,0.990543735225,0.0487216375768
0.809273422562,0.990543735225,0.0487196482718
0.811504142766,0.990543735225,0.0482864677906
0.811504142766,0.990937746257,0.0482724532485
0.821383046526,0.990937746257,0.0467958413064
0.821701720841,0.990937746257,0.0467625670135
0.821861057999,0.990937746257,0.046761225909
0.821861057999,0.991331757289,0.0467114076018
0.860898661568,0.991331757289,0.03997137025
0.860898661568,0.991725768322,0.0399464592338
0.865678776291,0.991725768322,0.0390409305692
0.865678776291,0.992119779354,0.0390295945108
0.870458891013,0.992119779354,0.0382641851902
0.870777565328,0.992119779354,0.0382637269795
0.871574251115,0.992119779354,0.0382144674659
0.871574251115,0.992513790386,0.038204934448
0.873645634162,0.992513790386,0.0380075536668
0.873645634162,0.992907801418,0.0379166826606
0.881931166348,0.992907801418,0.0364991500974
0.881931166348,0.993301812451,0.0364959463477
0.891810070108,0.993301812451,0.0350231714547
0.891810070108,0.993695823483,0.0350215621293
0.894040790312,0.993695823483,0.0347188860178
0.894040790312,0.994089834515,0.034716244787
0.894359464627,0.994089834515,0.0346950776875
0.894359464627,0.994483845548,0.0346633009613
0.896271510516,0.994483845548,0.0342418886721
0.896271510516,0.99487785658,0.0342387035489
0.898024219248,0.99487785658,0.0339406728745
0.898024219248,0.995271867612,0.0338737182319
0.900892288082,0.995271867612,0.0335336737335
0.900892288082,0.995665878645,0.0335279889405
0.905672402804,0.995665878645,0.0324866846204
0.905672402804,0.996059889677,0.0324629209936
0.908859145953,0.996059889677,0.0318611934781
0.908859145953,0.996453900709,0.0318156816065
0.911249203314,0.996453900709,0.0313983485103
0.911249203314,0.996847911742,0.0313913859427
0.916507329509,0.996847911742,0.030550641939
0.916507329509,0.997241922774,0.030531257391
0.921765455704,0.997241922774,0.0294637139887
0.922084130019,0.997241922774,0.0293969362974
0.932759719567,0.997241922774,0.0272454414517
0.932759719567,0.997635933806,0.0272228661925
0.939929891651,0.997635933806,0.0257707685232
0.939929891651,0.998029944838,0.0257349852473
0.948852772467,0.998029944838,0.0235456265509
0.948852772467,0.998423955871,0.0235314592719
0.972115997451,0.998423955871,0.0181269738823
0.972115997451,0.998817966903,0.0180443730205
0.9839069471,0.998817966903,0.0135821243748
0.9839069471,0.999211977935,0.0135714737698
0.994901210962,0.999211977935,0.00812459364533
0.994901210962,0.999605988968,0.00802507158369
0.996175908222,0.999605988968,0.00726183271036
0.996175908222,1.0,0.00718925660476
1.0,1.0,0.00257790088654
