0.0,0.000394011032309,0.981447577477
0.0,0.0240346729708,0.883178174496
0.000159337157425,0.0240346729708,0.882209420204
0.000159337157425,0.0425531914894,0.846682727337
0.000478011472275,0.0425531914894,0.844619333744
0.000478011472275,0.058707643814,0.82740432024
0.0006373486297,0.058707643814,0.827161848545
0.0006373486297,0.059889676911,0.826297283173
0.000796685787126,0.059889676911,0.826277494431
0.000796685787126,0.0614657210402,0.825396060944
0.00111536010198,0.0614657210402,0.825240552425
0.00111536010198,0.0768321513002,0.807856619358
0.0012746972594,0.0768321513002,0.807851016521
0.0012746972594,0.085500394011,0.801918566227
0.0012746972594,0.0862884160757,0.801531255245
0.0012746972594,0.100472813239,0.791572630405
0.00143403441683,0.100472813239,0.791008412838
0.00143403441683,0.1024428684,0.790010273457
0.00159337157425,0.1024428684,0.789908885956
0.00159337157425,0.117021276596,0.77994197607
0.00175270873168,0.117021276596,0.779852211475
0.00175270873168,0.118597320725,0.779190421104
0.0019120458891,0.118597320725,0.779149413109
0.0019120458891,0.133569739953,0.769175469875
0.00207138304653,0.133569739953,0.768675923347
0.00207138304653,0.17572892041,0.748565077782
0.00223072020395,0.17572892041,0.748278200626
0.00223072020395,0.177304964539,0.747836649418
0.00239005736138,0.177304964539,0.747824013233
0.00239005736138,0.178881008668,0.747277319431
0.0025493945188,0.178881008668,0.746900498867
0.0025493945188,0.190701339638,0.741305053234
0.00270873167623,0.190701339638,0.739971995354
0.00270873167623,0.19109535067,0.738986670971
0.00286806883365,0.19109535067,0.738885045052
0.00286806883365,0.191489361702,0.738858401775
0.00302740599108,0.191489361702,0.738598704338
0.00302740599108,0.191883372734,0.738543272018
0.0031867431485,0.191883372734,0.738499999046
0.0031867431485,0.203309692671,0.733253240585
0.00334608030593,0.203309692671,0.733122766018
0.00334608030593,0.215524034673,0.728767216206
0.00350541746335,0.215524034673,0.728756785393
0.00350541746335,0.220252167061,0.725693285465
0.00366475462078,0.220252167061,0.725618839264
0.00366475462078,0.224980299448,0.72391051054
0.0038240917782,0.224980299448,0.723831653595
0.0038240917782,0.229314420804,0.722016572952
0.0038240917782,0.230102442868,0.721441924572
0.0038240917782,0.240740740741,0.718595504761
0.00398342893563,0.240740740741,0.718270719051
0.00398342893563,0.244680851064,0.716304659843
0.00414276609305,0.244680851064,0.716231763363
0.00414276609305,0.256895193065,0.710610747337
0.00430210325048,0.256895193065,0.710384011269
0.00430210325048,0.260441292356,0.708961129189
0.0044614404079,0.260441292356,0.708655655384
0.0044614404079,0.262017336485,0.708263099194
0.00462077756533,0.262017336485,0.708231568336
0.00462077756533,0.265169424744,0.706806719303
0.00493945188018,0.265169424744,0.706619679928
0.00493945188018,0.268715524035,0.705349326134
0.00525812619503,0.268715524035,0.704791128635
0.00525812619503,0.274231678487,0.702241659164
0.00557680050988,0.274231678487,0.702135026455
0.00557680050988,0.275413711584,0.701864659786
0.00589547482473,0.275413711584,0.701430141926
0.00589547482473,0.277777777778,0.699917137623
0.00605481198215,0.277777777778,0.699754536152
0.00605481198215,0.279747832939,0.699438154697
0.00621414913958,0.279747832939,0.699430525303
0.00621414913958,0.282111899133,0.698606491089
0.006373486297,0.282111899133,0.698489546776
0.006373486297,0.288810086682,0.696388483047
0.00653282345443,0.288810086682,0.696334779263
0.00653282345443,0.294720252167,0.693553566933
0.00669216061185,0.294720252167,0.693542182446
0.00669216061185,0.299842395587,0.690868079662
0.00717017208413,0.299842395587,0.690778851509
0.00717017208413,0.305358550039,0.688768148422
0.00732950924156,0.305358550039,0.68835824728
0.00732950924156,0.305752561072,0.68835580349
0.00748884639898,0.305752561072,0.68835157156
0.00748884639898,0.315602836879,0.683732509613
0.00764818355641,0.315602836879,0.683705210686
0.00764818355641,0.327423167849,0.679181098938
0.00780752071383,0.327423167849,0.679073989391
0.00780752071383,0.328605200946,0.678828120232
0.00780752071383,0.32939322301,0.678792119026
0.00796685787126,0.32939322301,0.678059458733
0.00796685787126,0.330181245075,0.677657008171
0.00812619502868,0.330181245075,0.677581489086
0.00812619502868,0.330969267139,0.677389025688
0.00844486934353,0.330969267139,0.676983714104
0.00844486934353,0.332151300236,0.676102221012
0.00860420650096,0.332151300236,0.675533652306
0.00860420650096,0.335697399527,0.674234807491
0.00876354365838,0.335697399527,0.673633754253
0.00876354365838,0.336091410559,0.673584222794
0.00908221797323,0.336091410559,0.673432707787
0.00908221797323,0.342789598109,0.670349121094
0.00924155513066,0.342789598109,0.669990181923
0.00924155513066,0.343183609141,0.66993445158
0.00940089228808,0.343183609141,0.669910013676
0.00940089228808,0.344365642238,0.6694688797
0.00956022944551,0.344365642238,0.669435203075
0.00956022944551,0.345941686367,0.668639838696
0.00971956660293,0.345941686367,0.668524861336
0.00971956660293,0.347123719464,0.668152809143
0.00987890376036,0.347123719464,0.668059468269
0.00987890376036,0.347517730496,0.66774302721
0.0100382409178,0.347517730496,0.667473733425
0.0100382409178,0.349093774626,0.667087554932
0.0101975780752,0.349093774626,0.666983127594
0.0101975780752,0.350669818755,0.666432082653
0.0103569152326,0.350669818755,0.666331470013
0.0103569152326,0.353427895981,0.664604961872
0.0105162523901,0.353427895981,0.664545655251
0.0105162523901,0.354215918046,0.664260268211
0.0106755895475,0.354215918046,0.664242148399
0.0106755895475,0.35500394011,0.663585245609
0.0108349267049,0.35500394011,0.663506627083
0.0108349267049,0.356185973207,0.662929177284
0.0109942638623,0.356185973207,0.662750899792
0.0109942638623,0.36012608353,0.661363124847
0.0109942638623,0.360914105595,0.661312520504
0.0109942638623,0.364460204886,0.660441875458
0.0111536010198,0.364460204886,0.66031306982
0.0111536010198,0.365642237983,0.659856081009
0.0113129381772,0.365642237983,0.65983659029
0.0113129381772,0.367218282112,0.659163713455
0.0114722753346,0.367218282112,0.659042179585
0.0114722753346,0.367612293144,0.658994317055
0.011631612492,0.367612293144,0.658812463284
0.011631612492,0.368400315209,0.65874004364
0.0117909496495,0.368400315209,0.658709704876
0.0117909496495,0.370764381403,0.65789103508
0.0119502868069,0.370764381403,0.657886445522
0.0119502868069,0.374704491726,0.656790971756
0.0121096239643,0.374704491726,0.656730532646
0.0121096239643,0.376280535855,0.656406641006
0.0122689611217,0.376280535855,0.656362473965
0.0122689611217,0.378250591017,0.655770242214
0.0124282982792,0.378250591017,0.655727803707
0.0124282982792,0.378644602049,0.655656099319
0.0125876354366,0.378644602049,0.655491113663
0.0125876354366,0.379432624113,0.655373156071
0.012746972594,0.379432624113,0.655290007591
0.012746972594,0.381402679275,0.654882669449
0.0129063097514,0.381402679275,0.654691517353
0.0129063097514,0.385342789598,0.652807712555
0.0130656469089,0.385342789598,0.652778863907
0.0130656469089,0.390464933018,0.651723861694
0.0132249840663,0.390464933018,0.651595413685
0.0132249840663,0.393617021277,0.65052074194
0.0133843212237,0.393617021277,0.650456547737
0.0133843212237,0.394011032309,0.650274813175
0.0135436583811,0.394011032309,0.650259554386
0.0135436583811,0.394799054374,0.650206685066
0.0137029955386,0.394799054374,0.650127887726
0.0137029955386,0.395193065406,0.650117635727
0.013862332696,0.395193065406,0.650053143501
0.013862332696,0.395587076438,0.65001308918
0.0143403441683,0.395587076438,0.649783492088
0.0143403441683,0.40267927502,0.64784270525
0.0146590184831,0.40267927502,0.647240400314
0.0146590184831,0.40780141844,0.645699262619
0.0148183556405,0.40780141844,0.6456797719
0.0148183556405,0.408195429472,0.645652413368
0.014977692798,0.408195429472,0.645646095276
0.014977692798,0.408983451537,0.645487606525
0.0151370299554,0.408983451537,0.645235180855
0.0151370299554,0.413711583924,0.643872797489
0.0152963671128,0.413711583924,0.643868863583
0.0152963671128,0.416075650118,0.643651485443
0.0154557042702,0.416075650118,0.643648445606
0.0154557042702,0.417651694247,0.642907083035
0.0156150414277,0.417651694247,0.642810642719
0.0156150414277,0.420803782506,0.641398131847
0.0157743785851,0.420803782506,0.641221284866
0.0157743785851,0.423561859732,0.639959096909
0.0159337157425,0.423561859732,0.639562606812
0.0159337157425,0.424349881797,0.639248430729
0.0160930528999,0.424349881797,0.639185428619
0.0160930528999,0.42828999212,0.638714671135
0.0164117272148,0.42828999212,0.638225853443
0.0164117272148,0.429078014184,0.6381316185
0.0165710643722,0.429078014184,0.638059198856
0.0165710643722,0.432624113475,0.637101173401
0.0167304015296,0.432624113475,0.637020647526
0.0167304015296,0.433018124507,0.636878371239
0.0168897386871,0.433018124507,0.636811196804
0.0168897386871,0.434200157604,0.636343181133
0.0170490758445,0.434200157604,0.636087238789
0.0170490758445,0.435776201734,0.635872006416
0.0172084130019,0.435776201734,0.635864377022
0.0172084130019,0.436958234831,0.635391533375
0.0173677501593,0.436958234831,0.635230898857
0.0173677501593,0.437746256895,0.635119318962
0.0175270873168,0.437746256895,0.635094165802
0.0175270873168,0.439322301024,0.634539365768
0.0178457616316,0.439322301024,0.634058713913
0.0178457616316,0.444050433412,0.631926953793
0.0181644359465,0.444050433412,0.631899237633
0.0181644359465,0.449566587864,0.629917263985
0.0183237731039,0.449566587864,0.629841387272
0.0183237731039,0.450354609929,0.629694342613
0.0184831102613,0.450354609929,0.629649341106
0.0184831102613,0.45390070922,0.628581464291
0.0186424474187,0.45390070922,0.628455162048
0.0186424474187,0.454688731284,0.627916693687
0.0188017845762,0.454688731284,0.62775439024
0.0188017845762,0.455476753349,0.627422988415
0.0189611217336,0.455476753349,0.627140045166
0.0189611217336,0.459416863672,0.62614017725
0.0197578075207,0.459416863672,0.625572562218
0.0197578075207,0.459810874704,0.625453352928
0.0199171446781,0.459810874704,0.625429093838
0.0199171446781,0.463356973995,0.62419205904
0.0200764818356,0.463356973995,0.624143719673
0.0200764818356,0.465721040189,0.623134195805
0.020235818993,0.465721040189,0.622832596302
0.020235818993,0.466509062254,0.622364640236
0.0203951561504,0.466509062254,0.622199833393
0.0203951561504,0.467691095351,0.621861577034
0.0205544933078,0.467691095351,0.621833205223
0.0205544933078,0.468085106383,0.62152338028
0.0207138304653,0.468085106383,0.621429145336
0.0207138304653,0.468479117415,0.621284663677
0.0208731676227,0.468479117415,0.621143460274
0.0208731676227,0.470449172577,0.620374262333
0.0210325047801,0.470449172577,0.619908034801
0.0210325047801,0.471237194641,0.619608581066
0.0211918419375,0.471237194641,0.619266331196
0.0211918419375,0.472025216706,0.618979692459
0.021351179095,0.472025216706,0.618715703487
0.021351179095,0.472813238771,0.618642389774
0.0215105162524,0.472813238771,0.618214011192
0.0215105162524,0.478329393223,0.61656165123
0.0218291905672,0.478329393223,0.61641728878
0.0218291905672,0.480299448385,0.615925729275
0.0219885277247,0.480299448385,0.615852296352
0.0219885277247,0.481875492514,0.615315020084
0.0221478648821,0.481875492514,0.615187287331
0.0221478648821,0.482269503546,0.614692866802
0.0224665391969,0.482269503546,0.614491581917
0.0224665391969,0.48463356974,0.613340914249
0.0226258763544,0.48463356974,0.613278388977
0.0226258763544,0.486997635934,0.612989723682
0.0227852135118,0.486997635934,0.612558960915
0.0227852135118,0.487391646966,0.61245828867
0.0231038878266,0.487391646966,0.612195014954
0.0231038878266,0.48975571316,0.611173212528
0.0232632249841,0.48975571316,0.611096024513
0.0232632249841,0.492119779354,0.610077023506
0.0234225621415,0.492119779354,0.610043644905
0.0234225621415,0.492513790386,0.609977960587
0.0235818992989,0.492513790386,0.609970033169
0.0235818992989,0.494483845548,0.609779179096
0.0237412364563,0.494483845548,0.609616696835
0.0237412364563,0.49487785658,0.609521389008
0.0239005736138,0.49487785658,0.609382450581
0.0239005736138,0.496453900709,0.609114408493
0.0240599107712,0.496453900709,0.609110832214
0.0240599107712,0.496847911742,0.608931601048
0.0242192479286,0.496847911742,0.608732044697
0.0242192479286,0.497241922774,0.608604192734
0.024378585086,0.497241922774,0.608512282372
0.024378585086,0.497635933806,0.608429551125
0.0245379222435,0.497635933806,0.608421504498
0.0245379222435,0.498029944838,0.608184576035
0.0248565965583,0.498029944838,0.608079791069
0.0248565965583,0.498423955871,0.607971191406
0.0250159337157,0.498423955871,0.607825994492
0.0250159337157,0.499211977935,0.607617259026
0.0251752708732,0.499211977935,0.607563793659
0.0251752708732,0.499605988968,0.60755687952
0.0253346080306,0.499605988968,0.607434868813
0.0253346080306,0.502364066194,0.606448173523
0.0256532823454,0.502364066194,0.60634791851
0.0256532823454,0.502758077226,0.606261074543
0.0258126195029,0.502758077226,0.606187641621
0.0258126195029,0.50512214342,0.605290472507
0.0262906309751,0.50512214342,0.604406833649
0.0262906309751,0.506304176517,0.604052424431
0.0264499681326,0.506304176517,0.603848099709
0.0264499681326,0.506698187549,0.603670537472
0.0267686424474,0.506698187549,0.603584587574
0.0267686424474,0.507880220646,0.603380024433
0.0269279796048,0.507880220646,0.603253781796
0.0269279796048,0.508274231678,0.60319262743
0.0270873167623,0.508274231678,0.603107094765
0.0270873167623,0.510638297872,0.602288126945
0.0272466539197,0.510638297872,0.60216987133
0.0272466539197,0.512608353034,0.60161536932
0.0274059910771,0.512608353034,0.6014149189
0.0274059910771,0.513396375099,0.601292610168
0.0275653282345,0.513396375099,0.60123950243
0.0275653282345,0.514184397163,0.600842475891
0.027724665392,0.514184397163,0.600598216057
0.027724665392,0.514972419228,0.600497424603
0.0280433397068,0.514972419228,0.600235998631
0.0280433397068,0.516548463357,0.599978148937
0.0282026768642,0.516548463357,0.599828898907
0.0282026768642,0.517336485422,0.599772870541
0.0283620140217,0.517336485422,0.599714577198
0.0283620140217,0.518518518519,0.599415719509
0.0285213511791,0.518518518519,0.599380135536
0.0285213511791,0.522458628842,0.598210275173
0.0286806883365,0.522458628842,0.597986876965
0.0286806883365,0.524428684003,0.597245573997
0.0288400254939,0.524428684003,0.597213864326
0.0288400254939,0.525216706068,0.596858024597
0.0289993626514,0.525216706068,0.596762776375
0.0289993626514,0.526792750197,0.596557617188
0.0291586998088,0.526792750197,0.596468865871
0.0291586998088,0.527974783294,0.596146345139
0.0293180369662,0.527974783294,0.59598761797
0.0293180369662,0.529550827423,0.595672726631
0.0294773741236,0.529550827423,0.595456838608
0.0294773741236,0.529944838455,0.59541529417
0.0296367112811,0.529944838455,0.595282912254
0.0296367112811,0.530338849488,0.595142126083
0.0299553855959,0.530338849488,0.594866752625
0.0299553855959,0.53073286052,0.59475427866
0.0302740599108,0.53073286052,0.59466958046
0.0302740599108,0.531914893617,0.594340443611
0.030752071383,0.531914893617,0.593719422817
0.030752071383,0.536249014972,0.592022240162
0.0309114085405,0.536249014972,0.591921150684
0.0309114085405,0.538219070134,0.591399610043
0.0310707456979,0.538219070134,0.591124892235
0.0310707456979,0.539007092199,0.590898990631
0.0315487571702,0.539007092199,0.590551733971
0.0315487571702,0.540189125296,0.590066492558
0.0317080943276,0.540189125296,0.589971423149
0.0317080943276,0.540583136328,0.5899310112
0.031867431485,0.540583136328,0.589821994305
0.031867431485,0.547281323877,0.586635410786
0.0320267686424,0.547281323877,0.586172580719
0.0320267686424,0.549251379039,0.585676133633
0.0321861057999,0.549251379039,0.585553824902
0.0321861057999,0.549645390071,0.585461556911
0.0326641172721,0.549645390071,0.585264086723
0.0326641172721,0.550039401103,0.585262835026
0.032982791587,0.550039401103,0.584864974022
0.032982791587,0.5512214342,0.584735274315
0.0331421287444,0.5512214342,0.584560275078
0.0331421287444,0.557131599685,0.582653403282
0.0333014659018,0.557131599685,0.582549333572
0.0333014659018,0.558707643814,0.582189023495
0.0337794773741,0.558707643814,0.58205896616
0.0337794773741,0.559495665879,0.581887602806
0.0339388145315,0.559495665879,0.581756353378
0.0339388145315,0.561859732072,0.580515503883
0.034098151689,0.561859732072,0.58047670126
0.034098151689,0.563829787234,0.579188644886
0.0342574888464,0.563829787234,0.579026937485
0.0342574888464,0.565011820331,0.578579425812
0.0344168260038,0.565011820331,0.57849252224
0.0344168260038,0.565405831363,0.57824575901
0.0345761631612,0.565405831363,0.578066468239
0.0345761631612,0.565799842396,0.577868998051
0.0347355003187,0.565799842396,0.577768027782
0.0347355003187,0.56658786446,0.577601909637
0.0350541746335,0.56658786446,0.577470958233
0.0350541746335,0.566981875493,0.577450633049
0.0355321861058,0.566981875493,0.577109873295
0.0355321861058,0.567375886525,0.576928436756
0.0356915232632,0.567375886525,0.576795518398
0.0356915232632,0.569345941686,0.576219201088
0.0358508604207,0.569345941686,0.576087534428
0.0358508604207,0.572104018913,0.574946582317
0.0363288718929,0.572104018913,0.574518918991
0.0363288718929,0.572498029945,0.5745049119
0.0364882090504,0.572498029945,0.57441419363
0.0364882090504,0.577226162333,0.572964012623
0.0366475462078,0.577226162333,0.572942256927
0.0366475462078,0.580378250591,0.57188051939
0.0368068833652,0.580378250591,0.571592867374
0.0368068833652,0.580772261623,0.57157343626
0.0372848948375,0.580772261623,0.571371734142
0.0372848948375,0.582348305753,0.571239173412
0.0374442319949,0.582348305753,0.571191072464
0.0374442319949,0.584318360914,0.570711016655
0.0376035691523,0.584318360914,0.570473432541
0.0376035691523,0.584712371946,0.570447325706
0.0377629063098,0.584712371946,0.570385634899
0.0377629063098,0.585106382979,0.570375740528
0.0379222434672,0.585106382979,0.570173978806
0.0379222434672,0.589834515366,0.56873601675
0.038240917782,0.589834515366,0.568460583687
0.038240917782,0.590622537431,0.568137049675
0.0384002549395,0.590622537431,0.568070709705
0.0384002549395,0.591804570528,0.567781686783
0.0388782664117,0.591804570528,0.567423164845
0.0388782664117,0.592592592593,0.567185103893
0.0390376035692,0.592592592593,0.56701374054
0.0390376035692,0.593380614657,0.566487550735
0.039356277884,0.593380614657,0.566166341305
0.039356277884,0.594168636722,0.566156685352
0.0396749521989,0.594168636722,0.565466463566
0.0396749521989,0.595350669819,0.565076768398
0.0398342893563,0.595350669819,0.565076649189
0.0398342893563,0.595744680851,0.564478516579
0.0398342893563,0.596532702916,0.563928067684
0.0398342893563,0.596926713948,0.563870191574
0.0399936265137,0.596926713948,0.563860416412
0.0399936265137,0.59732072498,0.563716888428
0.0401529636711,0.59732072498,0.563705325127
0.0401529636711,0.598108747045,0.563572585583
0.0406309751434,0.598108747045,0.563179254532
0.0406309751434,0.598502758077,0.563160419464
0.0407903123008,0.598502758077,0.563136219978
0.0407903123008,0.600472813239,0.562255203724
0.0411089866157,0.600472813239,0.561809837818
0.0411089866157,0.600866824271,0.561675488949
0.0412683237731,0.600866824271,0.561659216881
0.0412683237731,0.601260835303,0.561650931835
0.0414276609305,0.601260835303,0.561223745346
0.0414276609305,0.603230890465,0.560813784599
0.041586998088,0.603230890465,0.560559093952
0.041586998088,0.603624901497,0.560424089432
0.0417463352454,0.603624901497,0.560231745243
0.0417463352454,0.604806934594,0.559520304203
0.0420650095602,0.604806934594,0.559086024761
0.0420650095602,0.605200945626,0.559002459049
0.0422243467177,0.605200945626,0.558940351009
0.0422243467177,0.605988967691,0.558309555054
0.0428616953474,0.605988967691,0.557682693005
0.0428616953474,0.606382978723,0.557261526585
0.0430210325048,0.606382978723,0.55720770359
0.0430210325048,0.606776989756,0.557061254978
0.0431803696622,0.606776989756,0.556838095188
0.0431803696622,0.611111111111,0.554696321487
0.0433397068196,0.611111111111,0.554658234119
0.0433397068196,0.61268715524,0.554079890251
0.0434990439771,0.61268715524,0.553911983967
0.0434990439771,0.613869188337,0.553620159626
0.0436583811345,0.613869188337,0.553607225418
0.0436583811345,0.61426319937,0.553346455097
0.0439770554493,0.61426319937,0.553048253059
0.0439770554493,0.614657210402,0.552887141705
0.0441363926068,0.614657210402,0.55278635025
0.0441363926068,0.615051221434,0.552726149559
0.0444550669216,0.615051221434,0.552113950253
0.0444550669216,0.616627265563,0.551015257835
0.044614404079,0.616627265563,0.551009356976
0.044614404079,0.617021276596,0.550901472569
0.0447737412365,0.617021276596,0.550322711468
0.0447737412365,0.61780929866,0.550143957138
0.0449330783939,0.61780929866,0.550131440163
0.0449330783939,0.618597320725,0.550083994865
0.0452517527087,0.618597320725,0.549493134022
0.0452517527087,0.618991331757,0.549382269382
0.0454110898662,0.618991331757,0.549361169338
0.0454110898662,0.619779353822,0.549230277538
0.0455704270236,0.619779353822,0.548976778984
0.0455704270236,0.620567375887,0.548458516598
0.0458891013384,0.620567375887,0.548269450665
0.0458891013384,0.620961386919,0.548237383366
0.0460484384959,0.620961386919,0.548221588135
0.0460484384959,0.621749408983,0.547918140888
0.0462077756533,0.621749408983,0.547647833824
0.0462077756533,0.622537431048,0.547363877296
0.0463671128107,0.622537431048,0.547288656235
0.0463671128107,0.62293144208,0.547077894211
0.0465264499681,0.62293144208,0.547073960304
0.0465264499681,0.623719464145,0.546917676926
0.0466857871256,0.623719464145,0.546784341335
0.0466857871256,0.624113475177,0.546625375748
0.046845124283,0.624113475177,0.546364605427
0.0471637985978,0.624113475177,0.546107888222
0.0471637985978,0.62450748621,0.545833289623
0.0473231357553,0.62450748621,0.545546650887
0.0473231357553,0.624901497242,0.545404076576
0.0474824729127,0.624901497242,0.545345127583
0.0474824729127,0.628447596533,0.544436275959
0.0476418100701,0.628447596533,0.544271945953
0.0476418100701,0.630811662727,0.543575108051
0.0484384958572,0.630811662727,0.542929768562
0.0484384958572,0.631205673759,0.54277586937
0.0485978330147,0.631205673759,0.542709231377
0.0485978330147,0.632387706856,0.542301476002
0.0487571701721,0.632387706856,0.542173564434
0.0487571701721,0.632781717888,0.542166769505
0.0489165073295,0.632781717888,0.542005598545
0.0489165073295,0.633963750985,0.541670918465
0.0490758444869,0.633963750985,0.541664063931
0.0490758444869,0.634357762017,0.541232168674
0.0492351816444,0.634357762017,0.541231751442
0.0492351816444,0.635539795114,0.540903389454
0.0493945188018,0.635539795114,0.540866732597
0.0493945188018,0.637115839243,0.540493190289
0.0495538559592,0.637115839243,0.540448307991
0.0495538559592,0.637509850276,0.540215313435
0.0498725302741,0.637509850276,0.540009558201
0.0498725302741,0.638691883373,0.539684832096
0.0500318674315,0.638691883373,0.53955745697
0.0500318674315,0.639479905437,0.53900462389
0.0501912045889,0.639479905437,0.538797616959
0.0501912045889,0.640267927502,0.538566410542
0.0503505417463,0.640267927502,0.538430154324
0.0503505417463,0.643026004728,0.537821233273
0.0505098789038,0.643026004728,0.537760019302
0.0505098789038,0.643814026793,0.537478744984
0.0508285532186,0.643814026793,0.537367224693
0.0508285532186,0.644208037825,0.537146866322
0.0511472275335,0.644208037825,0.536606669426
0.0511472275335,0.645784081954,0.53615552187
0.0519439133206,0.645784081954,0.535541057587
0.0519439133206,0.646178092987,0.535370886326
0.052103250478,0.646178092987,0.535276651382
0.052103250478,0.648936170213,0.534467875957
0.0524219247929,0.648936170213,0.534043431282
0.0524219247929,0.650906225374,0.533191204071
0.0530592734226,0.650906225374,0.532937526703
0.0530592734226,0.653270291568,0.532186150551
0.05321861058,0.653270291568,0.532092690468
0.05321861058,0.654452324665,0.531386315823
0.0533779477374,0.654452324665,0.531166553497
0.0533779477374,0.654846335697,0.53094214201
0.0535372848948,0.654846335697,0.530881106853
0.0535372848948,0.656028368794,0.530578970909
0.0536966220523,0.656028368794,0.530542731285
0.0536966220523,0.658392434988,0.529941856861
0.0538559592097,0.658392434988,0.529859662056
0.0538559592097,0.65878644602,0.529733538628
0.0546526449968,0.65878644602,0.528608560562
0.0546526449968,0.659180457053,0.527875006199
0.0548119821542,0.659180457053,0.527609288692
0.0548119821542,0.659574468085,0.5275208354
0.0549713193117,0.659574468085,0.527437806129
0.0549713193117,0.661150512214,0.526663959026
0.0551306564691,0.661150512214,0.526547253132
0.0551306564691,0.662726556344,0.526051163673
0.0552899936265,0.662726556344,0.525771617889
0.0552899936265,0.663514578408,0.525646686554
0.0552899936265,0.665090622537,0.52532106638
0.0554493307839,0.665090622537,0.525252044201
0.0554493307839,0.66548463357,0.525122404099
0.0556086679414,0.66548463357,0.525092661381
0.0556086679414,0.666272655634,0.524996995926
0.0564053537285,0.666272655634,0.524496972561
0.0564053537285,0.667060677699,0.524274647236
0.0565646908859,0.667060677699,0.52420938015
0.0565646908859,0.669818754925,0.523606956005
0.0567240280433,0.669818754925,0.523581564426
0.0567240280433,0.670212765957,0.523521602154
0.0568833652008,0.670212765957,0.523220121861
0.0568833652008,0.671000788022,0.523129105568
0.0576800509879,0.671000788022,0.522838950157
0.0576800509879,0.672182821119,0.522454977036
0.0578393881453,0.672182821119,0.522267878056
0.0578393881453,0.672576832151,0.522202134132
0.0579987253027,0.672576832151,0.522161841393
0.0579987253027,0.673364854216,0.521891772747
0.0583173996176,0.673364854216,0.521577119827
0.0583173996176,0.674546887313,0.521373152733
0.058476736775,0.674546887313,0.52130562067
0.058476736775,0.676122931442,0.520968794823
0.0592734225621,0.676122931442,0.520521402359
0.0592734225621,0.676516942474,0.520448982716
0.0594327597196,0.676516942474,0.52030390501
0.0594327597196,0.677698975571,0.519838035107
0.059592096877,0.677698975571,0.519697904587
0.059592096877,0.678486997636,0.519559919834
0.0599107711918,0.678486997636,0.519275128841
0.0599107711918,0.678881008668,0.519259214401
0.0600701083493,0.678881008668,0.519086539745
0.0600701083493,0.679275019701,0.518910765648
0.0602294455067,0.679275019701,0.518524885178
0.0602294455067,0.682427107959,0.517752230167
0.0605481198215,0.682427107959,0.517347633839
0.0605481198215,0.683609141056,0.51722407341
0.060707456979,0.683609141056,0.517108678818
0.060707456979,0.685185185185,0.517004489899
0.0608667941364,0.685185185185,0.516928672791
0.0608667941364,0.685579196217,0.516762971878
0.0610261312938,0.685579196217,0.516376316547
0.0610261312938,0.686367218282,0.515840411186
0.0616634799235,0.686367218282,0.51528853178
0.0616634799235,0.687549251379,0.514744639397
0.0619821542384,0.687549251379,0.514235496521
0.0619821542384,0.689519306541,0.513890147209
0.0621414913958,0.689519306541,0.513784646988
0.0621414913958,0.691489361702,0.512971639633
0.0624601657106,0.691489361702,0.512687325478
0.0624601657106,0.693459416864,0.512052059174
0.0626195028681,0.693459416864,0.512046933174
0.0626195028681,0.695035460993,0.51199477911
0.0627788400255,0.695035460993,0.511894524097
0.0627788400255,0.695823483058,0.511529147625
0.0629381771829,0.695823483058,0.511525511742
0.0629381771829,0.69621749409,0.511511802673
0.0632568514978,0.69621749409,0.511295735836
0.0632568514978,0.696611505122,0.511254012585
0.0634161886552,0.696611505122,0.511184692383
0.0634161886552,0.697399527187,0.511156857014
0.06373486297,0.697399527187,0.511009216309
0.06373486297,0.697793538219,0.510989487171
0.0642128744423,0.697793538219,0.510738432407
0.0642128744423,0.698187549251,0.510686635971
0.0643722115997,0.698187549251,0.510627567768
0.0643722115997,0.698975571316,0.510407924652
0.0654875717017,0.698975571316,0.509351730347
0.0654875717017,0.699369582348,0.509329497814
0.0656469088591,0.699369582348,0.509226560593
0.0656469088591,0.70133963751,0.508337378502
0.065965583174,0.70133963751,0.508059859276
0.065965583174,0.702127659574,0.507693886757
0.0664435946463,0.702127659574,0.507507801056
0.0664435946463,0.703309692671,0.507294952869
0.0666029318037,0.703309692671,0.507148623466
0.0666029318037,0.704097714736,0.506335616112
0.0669216061185,0.704097714736,0.506316065788
0.0669216061185,0.704885736801,0.505992650986
0.0672402804334,0.704885736801,0.505608737469
0.0672402804334,0.705279747833,0.5055783391
0.0673996175908,0.705279747833,0.505229949951
0.0673996175908,0.706067769898,0.505003750324
0.0675589547482,0.706067769898,0.504741609097
0.0675589547482,0.70646178093,0.504648685455
0.0677182919057,0.70646178093,0.504604756832
0.0677182919057,0.706855791962,0.504561424255
0.0680369662205,0.706855791962,0.504376590252
0.0680369662205,0.708825847124,0.503373801708
0.0681963033779,0.708825847124,0.503362357616
0.0681963033779,0.709219858156,0.503194451332
0.0683556405354,0.709219858156,0.503092944622
0.0683556405354,0.709613869188,0.502891898155
0.0685149776928,0.709613869188,0.502572596073
0.0685149776928,0.710007880221,0.502097129822
0.0689929891651,0.710007880221,0.501661777496
0.0689929891651,0.710401891253,0.50165450573
0.0694710006373,0.710401891253,0.501429736614
0.0694710006373,0.711189913318,0.50123667717
0.070108349267,0.711189913318,0.500683248043
0.070108349267,0.71158392435,0.500652194023
0.0707456978967,0.71158392435,0.50045466423
0.0707456978967,0.712765957447,0.499696314335
0.0709050350542,0.712765957447,0.499612212181
0.0709050350542,0.713553979511,0.499460816383
0.0710643722116,0.713553979511,0.499419659376
0.0710643722116,0.713947990544,0.499261587858
0.0717017208413,0.713947990544,0.498744428158
0.0717017208413,0.715524034673,0.498404353857
0.0721797323136,0.715524034673,0.498093098402
0.0721797323136,0.715918045705,0.497861385345
0.0724984066284,0.715918045705,0.497262120247
0.0724984066284,0.71670606777,0.496760636568
0.0728170809433,0.71670606777,0.496515631676
0.0728170809433,0.717494089835,0.4962053895
0.0729764181007,0.717494089835,0.496191948652
0.0729764181007,0.718676122931,0.496041178703
0.0736137667304,0.718676122931,0.495486438274
0.0736137667304,0.719070133964,0.495484381914
0.0737731038878,0.719070133964,0.495390921831
0.0737731038878,0.719464144996,0.495359838009
0.0740917782027,0.719464144996,0.495030283928
0.0740917782027,0.719858156028,0.494849056005
0.074569789675,0.719858156028,0.494733184576
0.074569789675,0.720252167061,0.494694560766
0.0747291268324,0.720252167061,0.494594931602
0.0747291268324,0.721040189125,0.494357079268
0.0748884639898,0.721040189125,0.494324237108
0.0748884639898,0.722222222222,0.494133263826
0.0750478011472,0.722222222222,0.493892490864
0.0750478011472,0.723010244287,0.493729948997
0.0753664754621,0.723010244287,0.493675082922
0.0753664754621,0.724192277384,0.493512094021
0.0756851497769,0.724192277384,0.493467509747
0.0756851497769,0.724586288416,0.493412226439
0.0760038240918,0.724586288416,0.493262887001
0.0760038240918,0.725768321513,0.492992222309
0.0763224984066,0.725768321513,0.492919594049
0.0763224984066,0.726162332545,0.492914646864
0.0766411727215,0.726162332545,0.49266320467
0.0766411727215,0.726556343578,0.492572307587
0.0768005098789,0.726556343578,0.492249697447
0.0768005098789,0.72695035461,0.492249161005
0.0774378585086,0.72695035461,0.491943925619
0.0774378585086,0.728920409771,0.491408228874
0.0777565328235,0.728920409771,0.491129457951
0.0777565328235,0.729314420804,0.491020560265
0.0783938814532,0.729314420804,0.490774124861
0.0783938814532,0.730890464933,0.490464299917
0.0785532186106,0.730890464933,0.490215331316
0.0785532186106,0.731678486998,0.49009013176
0.0796685787126,0.731678486998,0.48960018158
0.0796685787126,0.73207249803,0.489265978336
0.07982791587,0.73207249803,0.489157319069
0.07982791587,0.732860520095,0.489032775164
0.0803059273423,0.732860520095,0.488871455193
0.0803059273423,0.734042553191,0.48867854476
0.0807839388145,0.734042553191,0.488465636969
0.0807839388145,0.734830575256,0.488174557686
0.080943275972,0.734830575256,0.488172113895
0.080943275972,0.735224586288,0.488042443991
0.0811026131294,0.735224586288,0.487883925438
0.0811026131294,0.736012608353,0.487700343132
0.0812619502868,0.736012608353,0.487618774176
0.0812619502868,0.736800630418,0.487497419119
0.0814212874442,0.736800630418,0.487496644258
0.0814212874442,0.73719464145,0.487439244986
0.0815806246017,0.73719464145,0.486971616745
0.0815806246017,0.738376674547,0.486842721701
0.0817399617591,0.738376674547,0.486767143011
0.0817399617591,0.738770685579,0.486634969711
0.0818992989165,0.738770685579,0.486578881741
0.0818992989165,0.739164696612,0.486534714699
0.0820586360739,0.739164696612,0.486406594515
0.0820586360739,0.739952718676,0.486161857843
0.0822179732314,0.739952718676,0.486151367426
0.0822179732314,0.740346729708,0.486129164696
0.0823773103888,0.740346729708,0.485956370831
0.0823773103888,0.741134751773,0.485860109329
0.0828553218611,0.741134751773,0.485540241003
0.0828553218611,0.741528762805,0.485485345125
0.0831739961759,0.741528762805,0.485329627991
0.0831739961759,0.741922773838,0.485303550959
0.0833333333333,0.741922773838,0.485232591629
0.0833333333333,0.742710795902,0.484985440969
0.0836520076482,0.742710795902,0.484925180674
0.0836520076482,0.743104806935,0.484769910574
0.083970681963,0.743104806935,0.484576702118
0.083970681963,0.743498817967,0.484553694725
0.0841300191205,0.743498817967,0.484421223402
0.0841300191205,0.744286840032,0.484239459038
0.0844486934353,0.744286840032,0.484124988317
0.0844486934353,0.745468873128,0.483967900276
0.0846080305927,0.745468873128,0.483697205782
0.0846080305927,0.745862884161,0.483496725559
0.0849267049076,0.745862884161,0.48330950737
0.0849267049076,0.746256895193,0.483200281858
0.085086042065,0.746256895193,0.483182251453
0.085086042065,0.747832939322,0.482956409454
0.0852453792224,0.747832939322,0.482842922211
0.0852453792224,0.748226950355,0.482804685831
0.0857233906947,0.748226950355,0.482397675514
0.0857233906947,0.748620961387,0.482390671968
0.0863607393244,0.748620961387,0.481770813465
0.0866794136393,0.748620961387,0.481758475304
0.0869980879541,0.748620961387,0.481672555208
0.0869980879541,0.749802994484,0.481247961521
0.0879541108987,0.749802994484,0.480879485607
0.0879541108987,0.750197005516,0.480787664652
0.0884321223709,0.750197005516,0.480497270823
0.0884321223709,0.751379038613,0.479924052954
0.0890694710006,0.751379038613,0.479547709227
0.0890694710006,0.751773049645,0.479413568974
0.0892288081581,0.751773049645,0.479403972626
0.0892288081581,0.753349093775,0.478964596987
0.0893881453155,0.753349093775,0.478946655989
0.0893881453155,0.753743104807,0.47889688611
0.0895474824729,0.753743104807,0.478831022978
0.0895474824729,0.754137115839,0.478779733181
0.0900254939452,0.754137115839,0.478493481874
0.0900254939452,0.754531126872,0.478406965733
0.0906628425749,0.754531126872,0.47808611393
0.0906628425749,0.754925137904,0.477746099234
0.091459528362,0.754925137904,0.477420479059
0.091459528362,0.755713159968,0.477341204882
0.0917782026769,0.755713159968,0.477279424667
0.0917782026769,0.756107171001,0.477185070515
0.0919375398343,0.756107171001,0.477129817009
0.0919375398343,0.756895193065,0.476657420397
0.0924155513066,0.756895193065,0.476564794779
0.0924155513066,0.757289204098,0.476427733898
0.092574888464,0.757289204098,0.476396769285
0.092574888464,0.758077226162,0.47635576129
0.0927342256214,0.758077226162,0.475990861654
0.0927342256214,0.758471237195,0.475980341434
0.0928935627788,0.758471237195,0.475930124521
0.0928935627788,0.758865248227,0.475870400667
0.0933715742511,0.758865248227,0.475577771664
0.0933715742511,0.759653270292,0.475377172232
0.093690248566,0.759653270292,0.475242882967
0.093690248566,0.761229314421,0.474817276001
0.0944869343531,0.761229314421,0.474585592747
0.0944869343531,0.761623325453,0.474506884813
0.0946462715105,0.761623325453,0.474492400885
0.0946462715105,0.763593380615,0.473910480738
0.0949649458254,0.763593380615,0.473772764206
0.0949649458254,0.764775413712,0.473069697618
0.0952836201402,0.764775413712,0.473024338484
0.0952836201402,0.765563435776,0.472942829132
0.0954429572976,0.765563435776,0.472914636135
0.0954429572976,0.765957446809,0.472903370857
0.0957616316125,0.765957446809,0.472524106503
0.0957616316125,0.767139479905,0.472095072269
0.0959209687699,0.767139479905,0.472048044205
0.0959209687699,0.767533490938,0.472025573254
0.0962396430848,0.767533490938,0.471952050924
0.0962396430848,0.769503546099,0.471333444118
0.0965583173996,0.769503546099,0.471265465021
0.0965583173996,0.769897557132,0.471156597137
0.0970363288719,0.769897557132,0.470905661583
0.0970363288719,0.770685579196,0.470879226923
0.0971956660293,0.770685579196,0.470760643482
0.0971956660293,0.771473601261,0.4703361094
0.0975143403442,0.771473601261,0.470268189907
0.0975143403442,0.77304964539,0.469886273146
0.097833014659,0.77304964539,0.469816327095
0.097833014659,0.773443656422,0.469785183668
0.0979923518164,0.773443656422,0.469759374857
0.0979923518164,0.773837667455,0.469753801823
0.0981516889739,0.773837667455,0.469660818577
0.0981516889739,0.775019700552,0.469545811415
0.0983110261313,0.775019700552,0.469452500343
0.0983110261313,0.775413711584,0.469392120838
0.0987890376036,0.775413711584,0.469206035137
0.0987890376036,0.776201733649,0.468905836344
0.0991077119184,0.776201733649,0.468553751707
0.0991077119184,0.776989755713,0.468409866095
0.0992670490758,0.776989755713,0.468254595995
0.0992670490758,0.777383766745,0.468160778284
0.0994263862333,0.777383766745,0.468061357737
0.0994263862333,0.777777777778,0.468044698238
0.100063734863,0.777777777778,0.467676877975
0.100063734863,0.77817178881,0.467637628317
0.10022307202,0.77817178881,0.467624694109
0.10022307202,0.778565799842,0.467455893755
0.10086042065,0.778565799842,0.466853350401
0.10086042065,0.778959810875,0.466815650463
0.101657106437,0.778959810875,0.465594470501
0.101657106437,0.780141843972,0.465218603611
0.101816443595,0.780141843972,0.465086042881
0.101816443595,0.780535855004,0.46507230401
0.101975780752,0.780535855004,0.464919567108
0.101975780752,0.781323877069,0.464818060398
0.102772466539,0.781323877069,0.464227110147
0.102772466539,0.781717888101,0.464149653912
0.103091140854,0.781717888101,0.463626474142
0.103091140854,0.782111899133,0.463517963886
0.103250478011,0.782111899133,0.46344846487
0.103250478011,0.782505910165,0.463348269463
0.104047163799,0.782505910165,0.462994873524
0.104047163799,0.782899921198,0.462965250015
0.104206500956,0.782899921198,0.462896227837
0.104206500956,0.78329393223,0.462865322828
0.104365838113,0.78329393223,0.462734371424
0.104365838113,0.784869976359,0.46243879199
0.104684512428,0.784869976359,0.462270587683
0.104684512428,0.785263987392,0.462262272835
0.105003186743,0.785263987392,0.46201017499
0.105003186743,0.786052009456,0.461843520403
0.105640535373,0.786052009456,0.461483895779
0.105640535373,0.786840031521,0.461119413376
0.10643722116,0.786840031521,0.460289984941
0.10643722116,0.787628053586,0.460094153881
0.106755895475,0.787628053586,0.459716469049
0.106755895475,0.78841607565,0.459376901388
0.106915232632,0.78841607565,0.459263682365
0.106915232632,0.788810086682,0.459184587002
0.107711918419,0.788810086682,0.458822727203
0.107711918419,0.789598108747,0.458591192961
0.109305289994,0.789598108747,0.457439541817
0.109305289994,0.790386130812,0.457342743874
0.110101975781,0.790386130812,0.456951111555
0.110101975781,0.790780141844,0.456900089979
0.110420650096,0.790780141844,0.456820815802
0.110420650096,0.791568163909,0.456721544266
0.110898661568,0.791568163909,0.456435143948
0.110898661568,0.792750197006,0.456204384565
0.111057998725,0.792750197006,0.456016421318
0.111057998725,0.793144208038,0.455994009972
0.111217335883,0.793144208038,0.455628722906
0.111217335883,0.79353821907,0.455619037151
0.11137667304,0.79353821907,0.455497026443
0.11137667304,0.794720252167,0.455441921949
0.1126513703,0.794720252167,0.454983144999
0.1126513703,0.795114263199,0.454779207706
0.113448056087,0.795114263199,0.454355686903
0.113448056087,0.796296296296,0.454290956259
0.113607393244,0.796296296296,0.454273104668
0.113607393244,0.796690307329,0.454271048307
0.113766730402,0.796690307329,0.454188138247
0.113766730402,0.797478329393,0.454093635082
0.113926067559,0.797478329393,0.454039871693
0.113926067559,0.797872340426,0.45381501317
0.114085404716,0.797872340426,0.453596770763
0.114085404716,0.798266351458,0.45358222723
0.114404079031,0.798266351458,0.453419059515
0.114404079031,0.79866036249,0.453416347504
0.114722753346,0.79866036249,0.453270286322
0.114722753346,0.799448384555,0.453067988157
0.114882090504,0.799448384555,0.452883988619
0.114882090504,0.800236406619,0.452795743942
0.115838113448,0.800236406619,0.452202111483
0.115838113448,0.800630417652,0.452078670263
0.116156787763,0.800630417652,0.452006608248
0.116156787763,0.801418439716,0.451578348875
0.116794136393,0.801418439716,0.45125618577
0.116794136393,0.801812450749,0.451072305441
0.117272147865,0.801812450749,0.450800478458
0.117272147865,0.802206461781,0.450796365738
0.118228170809,0.802206461781,0.450296312571
0.118228170809,0.802994483846,0.450105637312
0.118865519439,0.802994483846,0.44964030385
0.118865519439,0.804176516942,0.448948353529
0.119821542384,0.804176516942,0.447582304478
0.119821542384,0.804570527975,0.447434514761
0.120140216699,0.804570527975,0.447352916002
0.120140216699,0.804964539007,0.447318434715
0.120936902486,0.804964539007,0.446968138218
0.120936902486,0.805752561072,0.446467161179
0.121414913958,0.805752561072,0.446146547794
0.121414913958,0.806146572104,0.446114957333
0.12189292543,0.806146572104,0.445987522602
0.12189292543,0.806540583136,0.445680916309
0.122052262588,0.806540583136,0.445676833391
0.122052262588,0.806934594169,0.445585757494
0.123326959847,0.806934594169,0.445299208164
0.123326959847,0.807328605201,0.445264518261
0.123804971319,0.807328605201,0.444864839315
0.123804971319,0.808116627266,0.444807380438
0.124123645634,0.808116627266,0.444715976715
0.124123645634,0.808510638298,0.444541633129
0.124760994264,0.808510638298,0.444262444973
0.124760994264,0.809298660362,0.443879365921
0.125079668579,0.809298660362,0.443543046713
0.125079668579,0.809692671395,0.443512916565
0.125239005736,0.809692671395,0.443348795176
0.125239005736,0.810480693459,0.443136721849
0.126035691523,0.810480693459,0.442665278912
0.126035691523,0.811268715524,0.441951274872
0.126513702996,0.811268715524,0.441871076822
0.126513702996,0.812056737589,0.441639512777
0.126673040153,0.812056737589,0.441608607769
0.126673040153,0.812450748621,0.441388726234
0.126991714468,0.812450748621,0.440878391266
0.126991714468,0.812844759653,0.440067350864
0.127151051625,0.812844759653,0.440054237843
0.127151051625,0.813238770686,0.440040618181
0.12746972594,0.813238770686,0.439667135477
0.12746972594,0.813632781718,0.439538955688
0.12810707457,0.813632781718,0.439322471619
0.12810707457,0.814420803783,0.439296245575
0.128266411727,0.814420803783,0.439280331135
0.128266411727,0.815602836879,0.439090698957
0.128744423199,0.815602836879,0.438614606857
0.128744423199,0.815996847912,0.438598930836
0.128903760357,0.815996847912,0.438509136438
0.128903760357,0.816390858944,0.438460677862
0.129222434672,0.816390858944,0.438284993172
0.129222434672,0.816784869976,0.438181459904
0.129700446144,0.816784869976,0.437712609768
0.129700446144,0.817178881009,0.437676697969
0.129859783301,0.817178881009,0.437631130219
0.129859783301,0.817572892041,0.437584370375
0.130337794774,0.817572892041,0.437226712704
0.130337794774,0.818754925138,0.43684014678
0.130815806246,0.818754925138,0.436590403318
0.130815806246,0.81914893617,0.436363309622
0.130975143403,0.81914893617,0.436307013035
0.130975143403,0.819542947203,0.436139881611
0.131612492033,0.819542947203,0.435871601105
0.131612492033,0.819936958235,0.435451745987
0.131771829191,0.819936958235,0.435440689325
0.131771829191,0.820330969267,0.435386836529
0.132249840663,0.820330969267,0.4353081882
0.132249840663,0.820724980299,0.435302227736
0.132568514978,0.820724980299,0.435218513012
0.132568514978,0.821118991332,0.435182064772
0.132887189293,0.821118991332,0.435130238533
0.132887189293,0.821513002364,0.434848666191
0.133205863607,0.821513002364,0.434450209141
0.133205863607,0.822301024429,0.434204429388
0.133524537922,0.822301024429,0.434150367975
0.133524537922,0.822695035461,0.434020191431
0.134002549395,0.822695035461,0.433844983578
0.134002549395,0.823089046493,0.433496594429
0.135595920969,0.823089046493,0.432460159063
0.135595920969,0.823483057526,0.432382822037
0.136870618228,0.823483057526,0.431279957294
0.136870618228,0.823877068558,0.43113592267
0.138463989802,0.823877068558,0.430070519447
0.138463989802,0.82427107959,0.430035501719
0.13862332696,0.82427107959,0.429980665445
0.13862332696,0.824665090623,0.429888129234
0.13926067559,0.824665090623,0.429530382156
0.13926067559,0.825453112687,0.429371863604
0.139420012747,0.825453112687,0.42917868495
0.139420012747,0.825847123719,0.429108262062
0.139898024219,0.825847123719,0.428793370724
0.139898024219,0.827029156816,0.428703635931
0.141172721479,0.827029156816,0.427909523249
0.141172721479,0.827423167849,0.427886813879
0.143722115997,0.827423167849,0.426565140486
0.143722115997,0.828211189913,0.4263843894
0.144040790312,0.828211189913,0.426256597042
0.144040790312,0.828999211978,0.426054149866
0.14420012747,0.828999211978,0.425971269608
0.14420012747,0.82939322301,0.425955086946
0.144678138942,0.82939322301,0.425686717033
0.144678138942,0.829787234043,0.425574064255
0.144837476099,0.829787234043,0.425552487373
0.144837476099,0.830575256107,0.425290137529
0.144996813257,0.830575256107,0.425241917372
0.144996813257,0.830969267139,0.425200015306
0.146590184831,0.830969267139,0.424375981092
0.146590184831,0.831363278172,0.424353629351
0.146749521989,0.831363278172,0.424088835716
0.146749521989,0.831757289204,0.423835247755
0.147386870618,0.831757289204,0.423506319523
0.147386870618,0.832151300236,0.423482716084
0.148980242192,0.832151300236,0.422645539045
0.148980242192,0.832939322301,0.42263558507
0.149617590822,0.832939322301,0.422439515591
0.149617590822,0.833333333333,0.4224152565
0.150095602294,0.833333333333,0.422300130129
0.150095602294,0.833727344366,0.422234028578
0.150573613767,0.833727344366,0.421877115965
0.150573613767,0.834121355398,0.4217915833
0.150732950924,0.834121355398,0.421644151211
0.150732950924,0.83451536643,0.421555221081
0.150892288082,0.83451536643,0.421492755413
0.150892288082,0.835303388495,0.421375483274
0.151051625239,0.835303388495,0.421375125647
0.151051625239,0.836091410559,0.420823335648
0.151370299554,0.836091410559,0.420714586973
0.153123008286,0.836091410559,0.419895470142
0.153123008286,0.836879432624,0.419747054577
0.153601019758,0.836879432624,0.419404566288
0.153601019758,0.838455476753,0.41919913888
0.15407903123,0.838455476753,0.418707847595
0.15407903123,0.838849487786,0.418514788151
0.155831739962,0.838849487786,0.417327612638
0.155831739962,0.839243498818,0.417119145393
0.156628425749,0.839243498818,0.416729152203
0.156628425749,0.83963750985,0.416644781828
0.158062460166,0.83963750985,0.41548204422
0.158062460166,0.840031520883,0.415441244841
0.158699808795,0.840031520883,0.415301799774
0.158699808795,0.840425531915,0.415232479572
0.158859145953,0.840425531915,0.415177941322
0.158859145953,0.84121355398,0.415010631084
0.159337157425,0.84121355398,0.414708703756
0.159337157425,0.841607565012,0.41443708539
0.15965583174,0.841607565012,0.41436418891
0.15965583174,0.842001576044,0.414335489273
0.159974506055,0.842001576044,0.414167821407
0.159974506055,0.842395587076,0.414117395878
0.160771191842,0.842395587076,0.413648992777
0.160771191842,0.842789598109,0.413568019867
0.161089866157,0.842789598109,0.4134786129
0.161089866157,0.843183609141,0.413334786892
0.161249203314,0.843183609141,0.413330048323
0.161249203314,0.843577620173,0.413159698248
0.161567877629,0.843577620173,0.413150787354
0.161567877629,0.843971631206,0.412847578526
0.161886551944,0.843971631206,0.412807226181
0.161886551944,0.844365642238,0.41275832057
0.163479923518,0.844365642238,0.411713659763
0.163479923518,0.84475965327,0.41170963645
0.163798597833,0.84475965327,0.411535829306
0.163798597833,0.845547675335,0.411444187164
0.164276609305,0.845547675335,0.411260187626
0.164276609305,0.847123719464,0.41104310751
0.165073295092,0.847123719464,0.410361886024
0.165073295092,0.847911741529,0.41025018692
0.165551306565,0.847911741529,0.410046160221
0.165551306565,0.848305752561,0.410030812025
0.166347992352,0.848305752561,0.409706830978
0.166347992352,0.848699763593,0.409678280354
0.166826003824,0.848699763593,0.409646004438
0.166826003824,0.849487785658,0.409431993961
0.167144678139,0.849487785658,0.409413635731
0.167144678139,0.84988179669,0.409399151802
0.169056724028,0.84988179669,0.408634155989
0.169056724028,0.850275807723,0.408384025097
0.169375398343,0.850275807723,0.408183425665
0.169375398343,0.851063829787,0.407951623201
0.1695347355,0.851063829787,0.407849341631
0.1695347355,0.85145784082,0.407741129398
0.170012746973,0.85145784082,0.407586276531
0.170012746973,0.851851851852,0.40752851963
0.170650095602,0.851851851852,0.407235831022
0.170650095602,0.852245862884,0.407220304012
0.17080943276,0.852245862884,0.407212555408
0.17080943276,0.852639873916,0.407121181488
0.171128107075,0.852639873916,0.407099127769
0.171128107075,0.854215918046,0.406604230404
0.171287444232,0.854215918046,0.406585633755
0.171287444232,0.854609929078,0.406516581774
0.171606118547,0.854609929078,0.406369298697
0.171606118547,0.85500394011,0.40635535121
0.173040152964,0.85500394011,0.405605494976
0.173040152964,0.855397951143,0.405585974455
0.173199490121,0.855397951143,0.405583232641
0.173199490121,0.855791962175,0.405522465706
0.174155513066,0.855791962175,0.405130118132
0.174155513066,0.856185973207,0.405120283365
0.175270873168,0.856185973207,0.40465632081
0.175270873168,0.856973995272,0.404647111893
0.17638623327,0.856973995272,0.403952002525
0.17638623327,0.857762017336,0.40366178751
0.176704907584,0.857762017336,0.403599351645
0.176704907584,0.858156028369,0.403252542019
0.178776290631,0.858156028369,0.402202308178
0.178776290631,0.858550039401,0.402160167694
0.179254302103,0.858550039401,0.401949465275
0.179254302103,0.858944050433,0.401916712523
0.181166347992,0.858944050433,0.401004701853
0.181166347992,0.859338061466,0.400983214378
0.18132568515,0.859338061466,0.400918930769
0.18132568515,0.859732072498,0.400857359171
0.183237731039,0.859732072498,0.399885296822
0.183237731039,0.86012608353,0.399798989296
0.183875079669,0.86012608353,0.399664282799
0.183875079669,0.860914105595,0.399531275034
0.184193753983,0.860914105595,0.399316102266
0.184193753983,0.86170212766,0.399168938398
0.185149776928,0.86170212766,0.398440688848
0.185149776928,0.862096138692,0.398437589407
0.185946462715,0.862096138692,0.397787719965
0.185946462715,0.862490149724,0.397725701332
0.187699171447,0.862490149724,0.396708607674
0.187699171447,0.862884160757,0.396705597639
0.188495857234,0.862884160757,0.396369248629
0.188495857234,0.863278171789,0.396367073059
0.188814531549,0.863278171789,0.396264046431
0.188814531549,0.863672182821,0.396192580462
0.188973868706,0.863672182821,0.39578923583
0.188973868706,0.864460204886,0.395753860474
0.189133205864,0.864460204886,0.395725280046
0.189133205864,0.86524822695,0.395680308342
0.189451880178,0.86524822695,0.395326465368
0.189451880178,0.865642237983,0.395310103893
0.189611217336,0.865642237983,0.395286500454
0.189611217336,0.866036249015,0.395241975784
0.19120458891,0.866036249015,0.394400089979
0.19120458891,0.866430260047,0.394295841455
0.191682600382,0.866430260047,0.39418593049
0.191682600382,0.86682427108,0.394070625305
0.19184193754,0.86682427108,0.393991470337
0.19184193754,0.867218282112,0.393971413374
0.19247928617,0.867218282112,0.393660008907
0.19247928617,0.867612293144,0.393642425537
0.192638623327,0.867612293144,0.393527776003
0.192638623327,0.868006304177,0.393520385027
0.192957297642,0.868006304177,0.393463969231
0.192957297642,0.868400315209,0.393266409636
0.193116634799,0.868400315209,0.393199205399
0.193116634799,0.868794326241,0.393186897039
0.194391332059,0.868794326241,0.392573714256
0.194391332059,0.869188337273,0.392484813929
0.194710006373,0.869188337273,0.392357647419
0.194710006373,0.869582348306,0.392282932997
0.194869343531,0.869582348306,0.392160058022
0.194869343531,0.869976359338,0.391912102699
0.195188017846,0.869976359338,0.391887307167
0.195188017846,0.87037037037,0.391859710217
0.199012109624,0.87037037037,0.389786154032
0.199012109624,0.870764381403,0.389670848846
0.200127469726,0.870764381403,0.389381110668
0.200127469726,0.871552403467,0.389152139425
0.200764818356,0.871552403467,0.388546764851
0.200764818356,0.872340425532,0.38825276494
0.200924155513,0.872340425532,0.388139009476
0.200924155513,0.872734436564,0.388082414865
0.202039515615,0.872734436564,0.387716859579
0.202039515615,0.873128447597,0.387681901455
0.20299553856,0.873128447597,0.387066394091
0.20299553856,0.873522458629,0.386975884438
0.203314212874,0.873522458629,0.386811375618
0.203314212874,0.873916469661,0.386800885201
0.203951561504,0.873916469661,0.386406004429
0.203951561504,0.874310480693,0.386312663555
0.204270235819,0.874310480693,0.386092483997
0.204270235819,0.874704491726,0.385968536139
0.205385595921,0.874704491726,0.384972065687
0.205385595921,0.875098502758,0.384921789169
0.205704270236,0.875098502758,0.384869813919
0.205704270236,0.87549251379,0.384811371565
0.20666029318,0.87549251379,0.384318381548
0.20666029318,0.875886524823,0.384194523096
0.207138304653,0.875886524823,0.383736312389
0.207138304653,0.876280535855,0.383735716343
0.207456978967,0.876280535855,0.383588373661
0.207456978967,0.876674546887,0.38357642293
0.209209687699,0.876674546887,0.382696777582
0.209209687699,0.87706855792,0.382425844669
0.210803059273,0.87706855792,0.381760567427
0.210803059273,0.877462568952,0.381740540266
0.211121733588,0.877462568952,0.381624847651
0.211121733588,0.877856579984,0.381608486176
0.21223709369,0.877856579984,0.381257325411
0.21223709369,0.878250591017,0.381255805492
0.213989802422,0.878250591017,0.380049616098
0.213989802422,0.879038613081,0.379988998175
0.214149139579,0.879038613081,0.379981994629
0.214149139579,0.879432624113,0.37985393405
0.214945825366,0.879432624113,0.379661619663
0.214945825366,0.879826635146,0.379501968622
0.216379859783,0.879826635146,0.379043608904
0.216379859783,0.880220646178,0.378994315863
0.216539196941,0.880220646178,0.378882199526
0.216539196941,0.88061465721,0.378869265318
0.21717654557,0.88061465721,0.378277927637
0.21717654557,0.881008668243,0.378277301788
0.217654557043,0.881008668243,0.378213047981
0.217654557043,0.881796690307,0.378165513277
0.2178138942,0.881796690307,0.378123700619
0.2178138942,0.88219070134,0.378109663725
0.221159974506,0.88219070134,0.376658797264
0.221159974506,0.882584712372,0.376560688019
0.221319311663,0.882584712372,0.376554280519
0.221319311663,0.882978723404,0.376293063164
0.223072020395,0.882978723404,0.375637799501
0.223072020395,0.883372734437,0.375629901886
0.223231357553,0.883372734437,0.375592172146
0.223231357553,0.884554767533,0.375375628471
0.224824729127,0.884554767533,0.374252080917
0.224824729127,0.884948778566,0.374069064856
0.225780752071,0.884948778566,0.373583078384
0.225780752071,0.88573680063,0.373428016901
0.226258763544,0.88573680063,0.373185813427
0.226258763544,0.886130811663,0.373130202293
0.228489483748,0.886130811663,0.372571855783
0.228489483748,0.886524822695,0.372548401356
0.230560866794,0.886524822695,0.371330052614
0.230560866794,0.886918833727,0.37129086256
0.231038878266,0.886918833727,0.371015906334
0.231038878266,0.88731284476,0.370935380459
0.231198215424,0.88731284476,0.370901018381
0.231198215424,0.888100866824,0.370800673962
0.231357552581,0.888100866824,0.370713591576
0.231357552581,0.888888888889,0.370678216219
0.232472912683,0.888888888889,0.370512127876
0.232472912683,0.890070921986,0.3704662323
0.232632249841,0.890070921986,0.370445102453
0.232632249841,0.890464933018,0.370308786631
0.232791586998,0.890464933018,0.370194137096
0.232791586998,0.89085894405,0.370040357113
0.23326959847,0.89085894405,0.369969785213
0.23326959847,0.891252955083,0.369892567396
0.233588272785,0.891252955083,0.369823336601
0.233588272785,0.891646966115,0.369732111692
0.235340981517,0.891646966115,0.369163691998
0.235340981517,0.892040977147,0.369084477425
0.235818992989,0.892040977147,0.368906110525
0.235818992989,0.89243498818,0.368885159492
0.238049713193,0.89243498818,0.36737754941
0.238049713193,0.892828999212,0.367282062769
0.238527724665,0.892828999212,0.367020726204
0.238527724665,0.893223010244,0.366862356663
0.239643084767,0.893223010244,0.366632342339
0.239643084767,0.894011032309,0.366327881813
0.239961759082,0.894011032309,0.366233557463
0.239961759082,0.894405043341,0.366229295731
0.240280433397,0.894405043341,0.365978121758
0.240280433397,0.894799054374,0.365928798914
0.242670490758,0.894799054374,0.36475455761
0.242670490758,0.895193065406,0.36453717947
0.24378585086,0.895193065406,0.364118278027
0.24378585086,0.895587076438,0.363959491253
0.246175908222,0.895587076438,0.363093167543
0.246175908222,0.89598108747,0.363052666187
0.246653919694,0.89598108747,0.362800180912
0.246653919694,0.896375098503,0.362651348114
0.246813256851,0.896375098503,0.362632632256
0.246813256851,0.896769109535,0.362603962421
0.248406628426,0.896769109535,0.361630052328
0.248406628426,0.8975571316,0.361525446177
0.25,0.8975571316,0.360660374165
0.25,0.897951142632,0.36063337326
0.251912045889,0.897951142632,0.359049171209
0.251912045889,0.898345153664,0.358945697546
0.252071383047,0.898345153664,0.358944892883
0.252071383047,0.898739164697,0.358783960342
0.253346080306,0.898739164697,0.358336359262
0.253346080306,0.899133175729,0.358308136463
0.254780114723,0.899133175729,0.35729816556
0.254780114723,0.899527186761,0.357200860977
0.25621414914,0.899527186761,0.356586277485
0.25621414914,0.899921197794,0.356584638357
0.257966857871,0.899921197794,0.355460762978
0.257966857871,0.900315208826,0.355414509773
0.260356915233,0.900315208826,0.354060918093
0.260356915233,0.900709219858,0.353915542364
0.260675589547,0.900709219858,0.353734642267
0.260675589547,0.90110323089,0.353561758995
0.260834926705,0.90110323089,0.353430122137
0.260834926705,0.901497241923,0.353381365538
0.261950286807,0.901497241923,0.353028655052
0.261950286807,0.901891252955,0.353028535843
0.262587635437,0.901891252955,0.352532148361
0.262587635437,0.902285263987,0.352512091398
0.266889738687,0.902285263987,0.351397812366
0.266889738687,0.90267927502,0.351334989071
0.267367750159,0.90267927502,0.35125631094
0.267367750159,0.903073286052,0.351104646921
0.267845761632,0.903073286052,0.350990831852
0.267845761632,0.903467297084,0.350982248783
0.268801784576,0.903467297084,0.350669413805
0.268801784576,0.903861308117,0.35042566061
0.269120458891,0.903861308117,0.350370556116
0.269120458891,0.904255319149,0.35030862689
0.270713830465,0.904255319149,0.349710553885
0.270713830465,0.904649330181,0.349682271481
0.27230720204,0.904649330181,0.348839819431
0.27230720204,0.905043341214,0.348834514618
0.276927979605,0.905043341214,0.34702372551
0.276927979605,0.905437352246,0.346907347441
0.277405991077,0.905437352246,0.34678286314
0.277405991077,0.905831363278,0.346756756306
0.278202676864,0.905831363278,0.346407592297
0.278202676864,0.90622537431,0.346395462751
0.278362014022,0.90622537431,0.346350163221
0.278362014022,0.907013396375,0.346264928579
0.279477374124,0.907013396375,0.345651775599
0.279477374124,0.90780141844,0.345499783754
0.282345442957,0.90780141844,0.344398319721
0.282345442957,0.908195429472,0.344391673803
0.282664117272,0.908195429472,0.344147741795
0.282664117272,0.908589440504,0.344020307064
0.282982791587,0.908589440504,0.34397059679
0.282982791587,0.908983451537,0.343961507082
0.285850860421,0.908983451537,0.342838734388
0.285850860421,0.909377462569,0.342728972435
0.286169534736,0.909377462569,0.342716395855
0.286169534736,0.909771473601,0.342610478401
0.287284894837,0.909771473601,0.342299342155
0.287284894837,0.910165484634,0.342242985964
0.289515615041,0.910165484634,0.341430574656
0.289515615041,0.910559495666,0.341428130865
0.292224346718,0.910559495666,0.340478211641
0.292224346718,0.910953506698,0.340440660715
0.292861695347,0.910953506698,0.340302079916
0.292861695347,0.91134751773,0.340289831161
0.29333970682,0.91134751773,0.340142071247
0.29333970682,0.911741528763,0.339974164963
0.294614404079,0.911741528763,0.339271426201
0.294614404079,0.912135539795,0.33922997117
0.295092415551,0.912135539795,0.339049220085
0.295092415551,0.912529550827,0.33897420764
0.296367112811,0.912529550827,0.338637709618
0.296367112811,0.913317572892,0.338596910238
0.29764181007,0.913317572892,0.337944447994
0.29764181007,0.913711583924,0.337895423174
0.298597833015,0.913711583924,0.337338745594
0.298597833015,0.914499605989,0.337288290262
0.299075844487,0.914499605989,0.337120652199
0.299075844487,0.914893617021,0.337090790272
0.300509878904,0.914893617021,0.336288452148
0.300509878904,0.915287628054,0.336274951696
0.30321861058,0.915287628054,0.335516661406
0.30321861058,0.915681639086,0.335508733988
0.305130656469,0.915681639086,0.334701746702
0.305130656469,0.916469661151,0.334617942572
0.307042702358,0.916469661151,0.333716154099
0.307042702358,0.916863672183,0.333686292171
0.308476736775,0.916863672183,0.333067536354
0.308476736775,0.917257683215,0.333065658808
0.310070108349,0.917257683215,0.3327716887
0.310070108349,0.917651694247,0.332700937986
0.310229445507,0.917651694247,0.332656800747
0.310229445507,0.91804570528,0.332632929087
0.311982154238,0.91804570528,0.332015782595
0.311982154238,0.918439716312,0.332004547119
0.312460165711,0.918439716312,0.33169516921
0.312460165711,0.918833727344,0.331651479006
0.318036966221,0.918833727344,0.328847229481
0.318036966221,0.919621749409,0.328787058592
0.318355640535,0.919621749409,0.328612059355
0.318355640535,0.920015760441,0.328604280949
0.31931166348,0.920015760441,0.328155070543
0.31931166348,0.920409771474,0.328130632639
0.321223709369,0.920409771474,0.327540636063
0.321223709369,0.921197793538,0.3272985816
0.322020395156,0.921197793538,0.326914161444
0.322020395156,0.921591804571,0.326847702265
0.322339069471,0.921591804571,0.326674342155
0.322339069471,0.921985815603,0.326653659344
0.323135755258,0.921985815603,0.326300501823
0.323135755258,0.922379826635,0.326003998518
0.323773103888,0.922379826635,0.325917363167
0.323773103888,0.922773837667,0.325894355774
0.32488846399,0.922773837667,0.325459688902
0.32488846399,0.9231678487,0.32539960742
0.326481835564,0.9231678487,0.324807435274
0.326481835564,0.923955870764,0.324559688568
0.329509241555,0.923955870764,0.323401093483
0.329509241555,0.924349881797,0.323395878077
0.3304652645,0.924349881797,0.323267817497
0.3304652645,0.925137903861,0.323169618845
0.330624601657,0.925137903861,0.323107540607
0.330624601657,0.925531914894,0.32305726409
0.331899298917,0.925531914894,0.322669237852
0.331899298917,0.925925925926,0.322539865971
0.332058636074,0.925925925926,0.322500616312
0.332058636074,0.926319936958,0.322483778
0.332217973231,0.926319936958,0.32247453928
0.332217973231,0.926713947991,0.322388529778
0.334448693435,0.926713947991,0.321839898825
0.334448693435,0.927107959023,0.321691006422
0.334608030593,0.927107959023,0.321649610996
0.334608030593,0.927501970055,0.321622997522
0.335723390695,0.927501970055,0.321445524693
0.335723390695,0.927895981087,0.321438401937
0.335882727852,0.927895981087,0.321437299252
0.335882727852,0.92828999212,0.321287989616
0.338432122371,0.92828999212,0.320211797953
0.338432122371,0.928684003152,0.320113927126
0.338750796686,0.928684003152,0.320064038038
0.33970681963,0.928684003152,0.319767147303
0.33970681963,0.929078014184,0.319766491652
0.341459528362,0.929078014184,0.319189399481
0.341459528362,0.929472025217,0.319131851196
0.342415551307,0.929472025217,0.318850129843
0.342415551307,0.929866036249,0.318832010031
0.343690248566,0.929866036249,0.318509787321
0.343690248566,0.930260047281,0.318507105112
0.347833014659,0.930260047281,0.316752940416
0.347833014659,0.930654058314,0.316659927368
0.351019757808,0.930654058314,0.315316528082
0.351019757808,0.931048069346,0.315220266581
0.351816443595,0.931048069346,0.315158486366
0.351816443595,0.931442080378,0.315111547709
0.357552581262,0.931442080378,0.313715755939
0.357552581262,0.931836091411,0.313671529293
0.358349267049,0.931836091411,0.313404113054
0.358349267049,0.932230102443,0.313390374184
0.363607393244,0.932230102443,0.311889261007
0.363607393244,0.932624113475,0.311866372824
0.367272147865,0.932624113475,0.310797572136
0.367272147865,0.933018124507,0.310777872801
0.36759082218,0.933018124507,0.310639590025
0.36759082218,0.93341213554,0.310562252998
0.369343530911,0.93341213554,0.310211181641
0.369343530911,0.933806146572,0.310103356838
0.371255576801,0.933806146572,0.30960431695
0.371255576801,0.934200157604,0.309489428997
0.372370936902,0.934200157604,0.309271395206
0.372370936902,0.934594168637,0.30924347043
0.37253027406,0.934594168637,0.309126913548
0.37253027406,0.934988179669,0.30911141634
0.373008285532,0.934988179669,0.309034883976
0.373008285532,0.935382190701,0.308954358101
0.374601657106,0.935382190701,0.308615416288
0.374601657106,0.935776201734,0.30860376358
0.377310388783,0.935776201734,0.307571798563
0.377310388783,0.936170212766,0.307532638311
0.37746972594,0.936170212766,0.3075286448
0.37746972594,0.936564223798,0.307498067617
0.37810707457,0.936564223798,0.307259947062
0.37810707457,0.936958234831,0.307244151831
0.380975143403,0.936958234831,0.306212723255
0.380975143403,0.937352245863,0.306203007698
0.382568514978,0.937352245863,0.305890381336
0.382568514978,0.937746256895,0.305850327015
0.386073932441,0.937746256895,0.304840922356
0.386073932441,0.938140267928,0.304809182882
0.388304652645,0.938140267928,0.304159134626
0.388304652645,0.93853427896,0.304136008024
0.389738687062,0.93853427896,0.303553164005
0.389738687062,0.938928289992,0.303528368473
0.391013384321,0.938928289992,0.3032515347
0.391013384321,0.939322301024,0.303224205971
0.392288081581,0.939322301024,0.302630275488
0.392288081581,0.939716312057,0.302495181561
0.393403441683,0.939716312057,0.302197575569
0.393403441683,0.940110323089,0.302197307348
0.397227533461,0.940110323089,0.300869464874
0.397227533461,0.940504334121,0.300844430923
0.404397705545,0.940504334121,0.299308866262
0.404397705545,0.940898345154,0.29930511117
0.405353728489,0.940898345154,0.299105018377
0.405353728489,0.941292356186,0.299022465944
0.405672402804,0.941292356186,0.298909008503
0.405672402804,0.941686367218,0.298899680376
0.406309751434,0.941686367218,0.298699915409
0.406309751434,0.942080378251,0.298622339964
0.406628425749,0.942080378251,0.298596322536
0.406628425749,0.942474389283,0.298448950052
0.407743785851,0.942474389283,0.298145771027
0.407743785851,0.942868400315,0.297901362181
0.408062460166,0.942868400315,0.297777205706
0.408062460166,0.943262411348,0.297694325447
0.412045889101,0.943262411348,0.296432673931
0.412045889101,0.94365642238,0.296267807484
0.413001912046,0.94365642238,0.296042889357
0.413001912046,0.944050433412,0.29584980011
0.41459528362,0.944050433412,0.295446246862
0.41459528362,0.944444444444,0.295422464609
0.415073295092,0.944444444444,0.295418530703
0.415073295092,0.944838455477,0.295368850231
0.415710643722,0.944838455477,0.295125126839
0.415710643722,0.945232466509,0.295098572969
0.416507329509,0.945232466509,0.294878989458
0.416507329509,0.945626477541,0.294839799404
0.420331421287,0.945626477541,0.293617099524
0.420331421287,0.946020488574,0.293550282717
0.423199490121,0.946020488574,0.292766690254
0.423199490121,0.946414499606,0.292753249407
0.427023581899,0.946414499606,0.291829258204
0.427023581899,0.946808510638,0.291807681322
0.43005098789,0.946808510638,0.290890723467
0.43005098789,0.947202521671,0.290889501572
0.437539834289,0.947202521671,0.288513511419
0.437539834289,0.947596532703,0.288507580757
0.441045251753,0.947596532703,0.287445813417
0.441045251753,0.947990543735,0.287403106689
0.441523263225,0.947990543735,0.287307739258
0.441523263225,0.948384554768,0.287256747484
0.444231994901,0.948384554768,0.286349534988
0.444231994901,0.9487785658,0.286347180605
0.448693435309,0.9487785658,0.285571485758
0.448693435309,0.949172576832,0.285567462444
0.45108349267,0.949172576832,0.284914344549
0.45108349267,0.949566587864,0.284904748201
0.454110898662,0.949566587864,0.283890426159
0.454110898662,0.949960598897,0.283845067024
0.455385595921,0.949960598897,0.283504188061
0.455385595921,0.950354609929,0.283500492573
0.456978967495,0.950354609929,0.2828361094
0.456978967495,0.950748620961,0.28282058239
0.459369024857,0.950748620961,0.282002836466
0.459369024857,0.951142631994,0.28178447485
0.459687699171,0.951142631994,0.281642585993
0.459687699171,0.951536643026,0.281615078449
0.461440407903,0.951536643026,0.281204462051
0.461440407903,0.951930654058,0.281161099672
0.462077756533,0.951930654058,0.280983328819
0.462077756533,0.952324665091,0.280969709158
0.465264499681,0.952324665091,0.280032277107
0.465264499681,0.952718676123,0.280024826527
0.466379859783,0.952718676123,0.279550909996
0.466379859783,0.953112687155,0.279527157545
0.467495219885,0.953112687155,0.279165804386
0.467495219885,0.953506698188,0.279152363539
0.467973231358,0.953506698188,0.279005050659
0.467973231358,0.954294720252,0.278927445412
0.472275334608,0.954294720252,0.277935802937
0.472275334608,0.954688731284,0.277904599905
0.478489483748,0.954688731284,0.276315927505
0.478489483748,0.955082742317,0.276291966438
0.479126832377,0.955082742317,0.275952517986
0.479126832377,0.955870764381,0.275834172964
0.480242192479,0.955870764381,0.275565385818
0.480242192479,0.956264775414,0.275560766459
0.4839069471,0.956264775414,0.274717211723
0.4839069471,0.956658786446,0.274709671736
0.488368387508,0.956658786446,0.273376971483
0.488368387508,0.957446808511,0.273362904787
0.493945188018,0.957446808511,0.272155970335
0.493945188018,0.957840819543,0.272149324417
0.494741873805,0.957840819543,0.271950542927
0.494741873805,0.958234830575,0.271920025349
0.505895474825,0.958234830575,0.269219428301
0.505895474825,0.958628841608,0.269193053246
0.506054811982,0.958628841608,0.269133418798
0.506054811982,0.959416863672,0.269056558609
0.506373486297,0.959416863672,0.269003003836
0.506373486297,0.959810874704,0.268967360258
0.507966857871,0.959810874704,0.268521696329
0.507966857871,0.960204885737,0.26849797368
0.51051625239,0.960204885737,0.267809122801
0.51051625239,0.960992907801,0.267635017633
0.513862332696,0.960992907801,0.266829788685
0.513862332696,0.961386918834,0.266796678305
0.52103250478,0.961386918834,0.265273153782
0.52103250478,0.961780929866,0.265100955963
0.521351179095,0.961780929866,0.264944463968
0.521351179095,0.962174940898,0.264888167381
0.523422562141,0.962174940898,0.264051288366
0.523422562141,0.962568951931,0.264033079147
0.52660930529,0.962568951931,0.263096421957
0.52660930529,0.962962962963,0.263026237488
0.527724665392,0.962962962963,0.262641936541
0.527724665392,0.963356973995,0.262597411871
0.528521351179,0.963356973995,0.262455701828
0.528521351179,0.963750985028,0.262453347445
0.532982791587,0.963750985028,0.26145362854
0.532982791587,0.96414499606,0.261373966932
0.539993626514,0.96414499606,0.258976846933
0.539993626514,0.964539007092,0.258944302797
0.54333970682,0.964539007092,0.258179843426
0.54333970682,0.964933018125,0.258125185966
0.544773741236,0.964933018125,0.257558196783
0.544773741236,0.965327029157,0.257497698069
0.553696622052,0.965327029157,0.254792958498
0.553696622052,0.965721040189,0.254682540894
0.55385595921,0.965721040189,0.254667937756
0.55385595921,0.966115051221,0.254487246275
0.554811982154,0.966115051221,0.254197001457
0.554811982154,0.966509062254,0.254160195589
0.558476736775,0.966509062254,0.253017008305
0.558476736775,0.966903073286,0.253013372421
0.560707456979,0.966903073286,0.252263307571
0.560707456979,0.967297084318,0.2522559762
0.562141491396,0.967297084318,0.251850157976
0.562141491396,0.967691095351,0.251843035221
0.576800509879,0.967691095351,0.24856710434
0.577119184194,0.967691095351,0.248544245958
0.579509241555,0.967691095351,0.248022526503
0.579509241555,0.968085106383,0.247927412391
0.580146590185,0.968085106383,0.247858077288
0.580146590185,0.968479117415,0.247840389609
0.587476099426,0.968479117415,0.246240839362
0.587476099426,0.968873128448,0.246238008142
0.591618865519,0.968873128448,0.245075240731
0.591618865519,0.96926713948,0.245034188032
0.593530911409,0.96926713948,0.244688823819
0.593530911409,0.969661150512,0.24466343224
0.597673677502,0.969661150512,0.243476584554
0.597673677502,0.970055161545,0.243443354964
0.598789037604,0.970055161545,0.24317856133
0.598789037604,0.970449172577,0.243059366941
0.599585723391,0.970449172577,0.242963269353
0.599585723391,0.970843183609,0.242929667234
0.602135117909,0.970843183609,0.242450580001
0.602135117909,0.971237194641,0.242450028658
0.604365838113,0.971237194641,0.241994395852
0.604365838113,0.971631205674,0.241958543658
0.608827278521,0.971631205674,0.240739181638
0.608827278521,0.972025216706,0.240677520633
0.61073932441,0.972025216706,0.24023757875
0.61073932441,0.972419227738,0.240221112967
0.612332695985,0.972419227738,0.239967688918
0.612332695985,0.972813238771,0.239958137274
0.613288718929,0.972813238771,0.239822849631
0.613288718929,0.973207249803,0.239781960845
0.619980879541,0.973207249803,0.238000735641
0.619980879541,0.973601260835,0.23799662292
0.622211599745,0.973601260835,0.237558290362
0.622211599745,0.973995271868,0.237557858229
0.622848948375,0.973995271868,0.237302899361
0.622848948375,0.974783293932,0.237222149968
0.623008285532,0.974783293932,0.237210929394
0.623008285532,0.975177304965,0.237210288644
0.625717017208,0.975177304965,0.236815080047
0.625717017208,0.975571315997,0.236787647009
0.625876354366,0.975571315997,0.23665805161
0.625876354366,0.975965327029,0.236620754004
0.63304652645,0.975965327029,0.234813123941
0.63304652645,0.976359338061,0.234794169664
0.633524537922,0.976359338061,0.234670296311
0.633524537922,0.976753349094,0.234616458416
0.634639898024,0.976753349094,0.234075427055
0.634639898024,0.977147360126,0.234011799097
0.637189292543,0.977147360126,0.233015567064
0.637189292543,0.977541371158,0.232991084456
0.640057361377,0.977541371158,0.232206597924
0.640057361377,0.977935382191,0.232167974114
0.643722115997,0.977935382191,0.23146481812
0.643722115997,0.978329393223,0.231444075704
0.651210962396,0.978329393223,0.229354858398
0.651210962396,0.978723404255,0.229349985719
0.659974506055,0.978723404255,0.227417707443
0.659974506055,0.979117415288,0.227389037609
0.661567877629,0.979117415288,0.227104008198
0.661567877629,0.97951142632,0.227082177997
0.662683237731,0.97951142632,0.226883277297
0.662683237731,0.979905437352,0.22679425776
0.663798597833,0.979905437352,0.226585686207
0.663798597833,0.980693459417,0.226554840803
0.666985340982,0.980693459417,0.225850060582
0.666985340982,0.981087470449,0.225840702653
0.674314850223,0.981087470449,0.224095001817
0.674314850223,0.981481481481,0.224087759852
0.674792861695,0.981481481481,0.224023059011
0.674792861695,0.981875492514,0.223989367485
0.689770554493,0.981875492514,0.220361799002
0.689770554493,0.982269503546,0.220320507884
0.690407903123,0.982269503546,0.220170855522
0.690407903123,0.982663514578,0.22012463212
0.694710006373,0.982663514578,0.218651145697
0.694710006373,0.983057525611,0.218525633216
0.704270235819,0.983057525611,0.216153800488
0.704270235819,0.983451536643,0.216093480587
0.706022944551,0.983451536643,0.215798124671
0.706022944551,0.983845547675,0.215750917792
0.709687699171,0.983845547675,0.214970454574
0.709687699171,0.984239558708,0.214936241508
0.718769917145,0.984239558708,0.212618201971
0.718769917145,0.98463356974,0.212550446391
0.719407265774,0.98463356974,0.212430074811
0.719407265774,0.985027580772,0.212299436331
0.726418100701,0.985027580772,0.210641130805
0.726736775016,0.985027580772,0.210585385561
0.74378585086,0.985027580772,0.205525264144
0.744104525175,0.985027580772,0.205518677831
0.745379222435,0.985027580772,0.204973474145
0.745379222435,0.985421591805,0.2049575001
0.751115360102,0.985421591805,0.203466713428
0.751115360102,0.985815602837,0.203385099769
0.75557680051,0.985815602837,0.202173054218
0.75557680051,0.986209613869,0.202169582248
0.758126195029,0.986209613869,0.201825886965
0.758444869344,0.986209613869,0.201817944646
0.760834926705,0.986209613869,0.201093748212
0.760834926705,0.986603624901,0.201073199511
0.764021669853,0.986603624901,0.200453415513
0.764021669853,0.986997635934,0.200431764126
0.774697259401,0.986997635934,0.197529420257
0.774697259401,0.987391646966,0.197448000312
0.786169534736,0.987391646966,0.194225311279
0.786169534736,0.987785657998,0.194154173136
0.786328871893,0.987785657998,0.194152966142
0.786647546208,0.987785657998,0.194117754698
0.789196940727,0.987785657998,0.193524166942
0.789196940727,0.988179669031,0.193487808108
0.79206500956,0.988179669031,0.192815929651
0.79206500956,0.988573680063,0.192803442478
0.792543021033,0.988573680063,0.192686423659
0.792861695347,0.988573680063,0.192586034536
0.794773741236,0.988573680063,0.191956833005
0.794773741236,0.988967691095,0.191912844777
0.804174633525,0.988967691095,0.188893392682
0.804493307839,0.988967691095,0.188826233149
0.804493307839,0.989361702128,0.188795268536
0.815009560229,0.989361702128,0.185765221715
0.815009560229,0.98975571316,0.185710117221
0.815328234544,0.98975571316,0.185528472066
0.815328234544,0.990149724192,0.185522183776
0.816762268961,0.990149724192,0.185239270329
0.817080943276,0.990149724192,0.18518717587
0.819471000637,0.990149724192,0.184376180172
0.819471000637,0.990543735225,0.184340715408
0.82488846399,0.990543735225,0.182875335217
0.82488846399,0.990937746257,0.182733058929
0.825844486934,0.990937746257,0.182533711195
0.825844486934,0.991331757289,0.182515025139
0.827756532823,0.991331757289,0.181725144386
0.827756532823,0.991725768322,0.181656643748
0.832217973231,0.991725768322,0.180619686842
0.832217973231,0.992119779354,0.180604189634
0.833811344806,0.992119779354,0.179927483201
0.833811344806,0.992907801418,0.179886043072
0.835086042065,0.992907801418,0.179275780916
0.835086042065,0.993301812451,0.179274454713
0.83540471638,0.993301812451,0.179224148393
0.83540471638,0.993695823483,0.179170295596
0.84098151689,0.993695823483,0.17711506784
0.84098151689,0.994089834515,0.177047863603
0.844008922881,0.994089834515,0.1760045439
0.844008922881,0.994483845548,0.176000505686
0.845124282983,0.994483845548,0.175415977836
0.845124282983,0.99487785658,0.175318539143
0.852294455067,0.99487785658,0.17285348475
0.852294455067,0.995271867612,0.172796756029
0.86073932441,0.995271867612,0.169458314776
0.86073932441,0.995665878645,0.169443890452
0.866634799235,0.995665878645,0.167312577367
0.866634799235,0.996059889677,0.167293637991
0.88798597833,0.996059889677,0.160339802504
0.88798597833,0.996453900709,0.160317823291
0.902804333971,0.996453900709,0.155000686646
0.902804333971,0.996847911742,0.154732123017
0.906469088591,0.996847911742,0.153127864003
0.906469088591,0.997241922774,0.153126642108
0.929891650733,0.997241922774,0.141849219799
0.929891650733,0.997635933806,0.141804128885
0.931644359465,0.997635933806,0.140424177051
0.931644359465,0.998029944838,0.140385657549
0.963671128107,0.998029944838,0.121935009956
0.963671128107,0.998423955871,0.121843196452
0.96717654557,0.998423955871,0.119197376072
0.96717654557,0.998817966903,0.119013816118
0.971956660293,0.998817966903,0.114504687488
0.971956660293,0.999211977935,0.114324852824
0.977533460803,0.999211977935,0.108641810715
0.977533460803,0.999605988968,0.108596995473
0.984703632887,0.999605988968,0.099896363914
0.985022307202,0.999605988968,0.0994690656662
0.986615678776,0.999605988968,0.096272572875
0.986615678776,1.0,0.0955177396536
1.0,1.0,0.0440303720534
