0.0,0.000394011032309,0.988792359829
0.0,0.00157604412924,0.986727654934
0.000159337157425,0.00157604412924,0.985438108444
0.000159337157425,0.00551615445232,0.969908118248
0.00031867431485,0.00551615445232,0.967957794666
0.00031867431485,0.0133963750985,0.952998280525
0.000478011472275,0.0133963750985,0.952409088612
0.000478011472275,0.0141843971631,0.945030450821
0.0006373486297,0.0141843971631,0.943940103054
0.0006373486297,0.0236406619385,0.927694797516
0.000796685787126,0.0236406619385,0.923431634903
0.000796685787126,0.0327029156816,0.906768798828
0.000956022944551,0.0327029156816,0.906368792057
0.000956022944551,0.038219070134,0.900419592857
0.00111536010198,0.038219070134,0.898524999619
0.00111536010198,0.0425531914894,0.893691718578
0.0012746972594,0.0425531914894,0.893646776676
0.0012746972594,0.0642237982664,0.870609402657
0.00143403441683,0.0642237982664,0.870554447174
0.00143403441683,0.0689519306541,0.865265607834
0.00159337157425,0.0689519306541,0.864916920662
0.00159337157425,0.0795902285264,0.854875504971
0.00159337157425,0.080378250591,0.854459583759
0.00159337157425,0.0862884160757,0.850315570831
0.00175270873168,0.0862884160757,0.850030958652
0.00175270873168,0.0949566587864,0.842789053917
0.0019120458891,0.0949566587864,0.842621564865
0.0019120458891,0.107171000788,0.833761513233
0.00207138304653,0.107171000788,0.833305597305
0.00207138304653,0.119779353822,0.825510978699
0.00239005736138,0.119779353822,0.825396299362
0.00239005736138,0.130023640662,0.816052913666
0.0025493945188,0.130023640662,0.816023945808
0.0025493945188,0.13829787234,0.810755372047
0.00270873167623,0.13829787234,0.81060898304
0.00270873167623,0.143814026793,0.808304548264
0.00286806883365,0.143814026793,0.808241546154
0.00286806883365,0.14499605989,0.807946920395
0.00302740599108,0.14499605989,0.807863116264
0.00302740599108,0.1536643026,0.803377091885
0.0031867431485,0.1536643026,0.803298473358
0.0031867431485,0.155634357762,0.802622139454
0.00334608030593,0.155634357762,0.801731705666
0.00334608030593,0.157210401891,0.800894021988
0.00366475462078,0.157210401891,0.800365686417
0.00366475462078,0.164302600473,0.795426249504
0.0038240917782,0.164302600473,0.794700562954
0.0038240917782,0.166272655634,0.79331612587
0.00398342893563,0.166272655634,0.793193340302
0.00398342893563,0.169030732861,0.791618943214
0.00414276609305,0.169030732861,0.79093849659
0.00414276609305,0.176122931442,0.787791013718
0.00430210325048,0.176122931442,0.787680268288
0.00430210325048,0.178881008668,0.787146091461
0.0044614404079,0.178881008668,0.787103116512
0.0044614404079,0.183215130024,0.782832443714
0.00462077756533,0.183215130024,0.782485485077
0.00462077756533,0.185185185185,0.779975950718
0.00478011472275,0.185185185185,0.779955863953
0.00478011472275,0.187155240347,0.778728067875
0.00493945188018,0.187155240347,0.778629601002
0.00493945188018,0.188337273444,0.777405619621
0.0050987890376,0.188337273444,0.777091920376
0.0050987890376,0.189519306541,0.776602804661
0.00525812619503,0.189519306541,0.776557862759
0.00525812619503,0.19109535067,0.776174128056
0.00541746335245,0.19109535067,0.776159822941
0.00541746335245,0.192671394799,0.775715410709
0.00557680050988,0.192671394799,0.775382041931
0.00557680050988,0.194641449961,0.774610519409
0.0057361376673,0.194641449961,0.774496972561
0.0057361376673,0.195823483058,0.774259626865
0.00589547482473,0.195823483058,0.774256944656
0.00589547482473,0.199763593381,0.772314190865
0.00605481198215,0.199763593381,0.771984219551
0.00605481198215,0.20133963751,0.771040916443
0.00621414913958,0.20133963751,0.770735323429
0.00621414913958,0.205673758865,0.76924341917
0.006373486297,0.205673758865,0.769058167934
0.006373486297,0.207249802994,0.768582999706
0.00653282345443,0.207249802994,0.768530845642
0.00653282345443,0.207643814027,0.768491148949
0.00669216061185,0.207643814027,0.768404364586
0.00669216061185,0.208037825059,0.768359661102
0.0070108349267,0.208037825059,0.767937898636
0.0070108349267,0.210401891253,0.766060471535
0.00717017208413,0.210401891253,0.766041219234
0.00717017208413,0.214736012608,0.763805091381
0.00732950924156,0.214736012608,0.76366686821
0.00732950924156,0.216312056738,0.762924194336
0.00748884639898,0.216312056738,0.762921690941
0.00748884639898,0.221434200158,0.761224985123
0.00764818355641,0.221434200158,0.761189460754
0.00764818355641,0.22182821119,0.761139154434
0.00780752071383,0.22182821119,0.761092543602
0.00780752071383,0.222616233255,0.760947644711
0.00812619502868,0.222616233255,0.760587990284
0.00812619502868,0.223010244287,0.760492861271
0.00828553218611,0.223010244287,0.75943762064
0.00828553218611,0.225374310481,0.758626580238
0.00844486934353,0.225374310481,0.75830757618
0.00844486934353,0.22695035461,0.757619023323
0.00860420650096,0.22695035461,0.757378876209
0.00860420650096,0.233254531127,0.753768503666
0.00876354365838,0.233254531127,0.753686785698
0.00876354365838,0.235618597321,0.75202780962
0.00892288081581,0.235618597321,0.751928269863
0.00892288081581,0.240740740741,0.750112175941
0.00908221797323,0.240740740741,0.749989509583
0.00908221797323,0.243892828999,0.749050855637
0.00924155513066,0.243892828999,0.748894989491
0.00924155513066,0.24743892829,0.747361898422
0.00940089228808,0.24743892829,0.746858239174
0.00940089228808,0.258077226162,0.742305755615
0.00956022944551,0.258077226162,0.742145419121
0.00956022944551,0.258471237195,0.742065429688
0.00971956660293,0.258471237195,0.742002785206
0.00971956660293,0.259259259259,0.741667449474
0.00987890376036,0.259259259259,0.741464674473
0.00987890376036,0.260047281324,0.741350471973
0.0100382409178,0.260047281324,0.741146683693
0.0100382409178,0.261229314421,0.740860164165
0.0101975780752,0.261229314421,0.740815222263
0.0101975780752,0.262017336485,0.740626215935
0.0103569152326,0.262017336485,0.740564227104
0.0103569152326,0.267139479905,0.738820433617
0.0105162523901,0.267139479905,0.738759934902
0.0105162523901,0.269503546099,0.737185776234
0.0106755895475,0.269503546099,0.737109363079
0.0106755895475,0.271473601261,0.736182630062
0.0108349267049,0.271473601261,0.736056447029
0.0108349267049,0.274231678487,0.735346794128
0.0109942638623,0.274231678487,0.73530703783
0.0109942638623,0.274625689519,0.735234856606
0.0111536010198,0.274625689519,0.735222399235
0.0111536010198,0.276595744681,0.734227120876
0.0114722753346,0.276595744681,0.733836352825
0.0114722753346,0.278959810875,0.733050405979
0.011631612492,0.278959810875,0.732990026474
0.011631612492,0.280535855004,0.732444167137
0.0117909496495,0.280535855004,0.732432901859
0.0117909496495,0.281717888101,0.731921732426
0.0119502868069,0.281717888101,0.731850326061
0.0119502868069,0.286052009456,0.730388462543
0.0121096239643,0.286052009456,0.7300786376
0.0121096239643,0.287234042553,0.729938864708
0.0122689611217,0.287234042553,0.729931056499
0.0122689611217,0.287628053586,0.72981351614
0.0124282982792,0.287628053586,0.729809701443
0.0124282982792,0.292750197006,0.728076577187
0.0125876354366,0.292750197006,0.728003501892
0.0125876354366,0.295902285264,0.727036118507
0.012746972594,0.295902285264,0.727022111416
0.012746972594,0.296296296296,0.726918339729
0.0129063097514,0.296296296296,0.726463913918
0.0129063097514,0.300630417652,0.724366903305
0.0129063097514,0.301418439716,0.724265754223
0.0129063097514,0.302206461781,0.723733842373
0.0130656469089,0.302206461781,0.723700225353
0.0130656469089,0.304176516942,0.723272323608
0.0132249840663,0.304176516942,0.723240435123
0.0132249840663,0.310480693459,0.721333384514
0.0133843212237,0.310480693459,0.721303999424
0.0133843212237,0.31402679275,0.720340251923
0.0135436583811,0.31402679275,0.720209896564
0.0135436583811,0.316390858944,0.719837367535
0.0137029955386,0.316390858944,0.719787299633
0.0137029955386,0.316784869976,0.719778478146
0.0140216698534,0.316784869976,0.719751536846
0.0140216698534,0.317966903073,0.719149231911
0.0141810070108,0.317966903073,0.719086766243
0.0141810070108,0.319542947203,0.718802213669
0.0143403441683,0.319542947203,0.718742549419
0.0143403441683,0.321513002364,0.717858016491
0.0144996813257,0.321513002364,0.717833757401
0.0144996813257,0.322695035461,0.717591285706
0.0146590184831,0.322695035461,0.717478752136
0.0146590184831,0.325059101655,0.717117726803
0.0148183556405,0.325059101655,0.717007875443
0.0148183556405,0.330575256107,0.715428471565
0.0148183556405,0.331363278172,0.715227007866
0.0148183556405,0.334909377463,0.714246630669
0.014977692798,0.334909377463,0.714089035988
0.014977692798,0.335697399527,0.713818609715
0.0151370299554,0.335697399527,0.713753283024
0.0151370299554,0.336091410559,0.713450908661
0.0152963671128,0.336091410559,0.713328540325
0.0152963671128,0.337667454689,0.712369143963
0.0154557042702,0.337667454689,0.712366163731
0.0154557042702,0.339243498818,0.711862564087
0.0156150414277,0.339243498818,0.711814582348
0.0156150414277,0.33963750985,0.711805522442
0.0157743785851,0.33963750985,0.711668789387
0.0157743785851,0.34475965327,0.709879040718
0.0159337157425,0.34475965327,0.709862649441
0.0159337157425,0.345941686367,0.7098107934
0.0160930528999,0.345941686367,0.709797739983
0.0160930528999,0.3463356974,0.709570467472
0.0162523900574,0.3463356974,0.70956081152
0.0162523900574,0.346729708432,0.709499001503
0.0164117272148,0.346729708432,0.709445714951
0.0164117272148,0.347911741529,0.709209144115
0.0168897386871,0.347911741529,0.70918738842
0.0168897386871,0.350669818755,0.708593547344
0.0172084130019,0.350669818755,0.708477556705
0.0172084130019,0.35145784082,0.708405435085
0.0176864244742,0.35145784082,0.708119452
0.0176864244742,0.353821907013,0.707452952862
0.0178457616316,0.353821907013,0.707228183746
0.0178457616316,0.355791962175,0.706408858299
0.0181644359465,0.355791962175,0.706224024296
0.0181644359465,0.356973995272,0.705897629261
0.0183237731039,0.356973995272,0.705729365349
0.0183237731039,0.357762017336,0.705508828163
0.0184831102613,0.357762017336,0.705495119095
0.0184831102613,0.359338061466,0.704432070255
0.0188017845762,0.359338061466,0.704116940498
0.0188017845762,0.359732072498,0.703902244568
0.019120458891,0.359732072498,0.703728318214
0.019120458891,0.360914105595,0.703372180462
0.0194391332059,0.360914105595,0.703111708164
0.0194391332059,0.363278171789,0.70271641016
0.0197578075207,0.363278171789,0.702680587769
0.0197578075207,0.366430260047,0.701742053032
0.0199171446781,0.366430260047,0.701646149158
0.0199171446781,0.367612293144,0.701451420784
0.0200764818356,0.367612293144,0.701340913773
0.0200764818356,0.369582348306,0.700755953789
0.020235818993,0.369582348306,0.700712680817
0.020235818993,0.370764381403,0.699799358845
0.0203951561504,0.370764381403,0.699735462666
0.0203951561504,0.371158392435,0.69968110323
0.0205544933078,0.371158392435,0.699658334255
0.0205544933078,0.371552403467,0.699533939362
0.0207138304653,0.371552403467,0.699384748936
0.0207138304653,0.373128447597,0.699086368084
0.0208731676227,0.373128447597,0.69899302721
0.0208731676227,0.374704491726,0.698351383209
0.0208731676227,0.37549251379,0.698174238205
0.0208731676227,0.377462568952,0.697513341904
0.0211918419375,0.377462568952,0.697381079197
0.0211918419375,0.377856579984,0.697201490402
0.021351179095,0.377856579984,0.69698703289
0.021351179095,0.38219070134,0.695749521255
0.0215105162524,0.38219070134,0.695737838745
0.0215105162524,0.382978723404,0.695584714413
0.0215105162524,0.383766745469,0.695416152477
0.0215105162524,0.384554767533,0.695368409157
0.0216698534098,0.384554767533,0.69516146183
0.0216698534098,0.385342789598,0.694643557072
0.0218291905672,0.385342789598,0.694584310055
0.0218291905672,0.386130811663,0.694442510605
0.0219885277247,0.386130811663,0.694431304932
0.0219885277247,0.386524822695,0.694410502911
0.0223072020395,0.386524822695,0.694289386272
0.0223072020395,0.38731284476,0.694250047207
0.0224665391969,0.38731284476,0.69423687458
0.0224665391969,0.389676910954,0.693813502789
0.0226258763544,0.389676910954,0.693801939487
0.0226258763544,0.390070921986,0.693783760071
0.0227852135118,0.390070921986,0.693749129772
0.0227852135118,0.392828999212,0.6923635602
0.0231038878266,0.392828999212,0.692251980305
0.0231038878266,0.393223010244,0.692154824734
0.0232632249841,0.393223010244,0.69206649065
0.0232632249841,0.394405043341,0.691927373409
0.0234225621415,0.394405043341,0.691901087761
0.0234225621415,0.394799054374,0.691887438297
0.0237412364563,0.394799054374,0.691789031029
0.0237412364563,0.400709219858,0.691053628922
0.0239005736138,0.400709219858,0.690991461277
0.0239005736138,0.401497241923,0.690784096718
0.0240599107712,0.401497241923,0.690593957901
0.0240599107712,0.402285263987,0.690509438515
0.024378585086,0.402285263987,0.690444946289
0.024378585086,0.403861308117,0.690027296543
0.0245379222435,0.403861308117,0.689978897572
0.0245379222435,0.408983451537,0.688376486301
0.0246972594009,0.408983451537,0.688179910183
0.0246972594009,0.410559495666,0.687793314457
0.0250159337157,0.410559495666,0.687579572201
0.0250159337157,0.41134751773,0.687215149403
0.0251752708732,0.41134751773,0.686958014965
0.0251752708732,0.412529550827,0.68660068512
0.0253346080306,0.412529550827,0.686575651169
0.0253346080306,0.41292356186,0.686520516872
0.025493945188,0.41292356186,0.686403989792
0.025493945188,0.413711583924,0.686185717583
0.0256532823454,0.413711583924,0.686011075974
0.0256532823454,0.414893617021,0.685428738594
0.0258126195029,0.414893617021,0.685008764267
0.0258126195029,0.415681639086,0.684867441654
0.0261312938177,0.415681639086,0.684587717056
0.0261312938177,0.418439716312,0.683786213398
0.0262906309751,0.418439716312,0.683582961559
0.0262906309751,0.420409771474,0.6825517416
0.0264499681326,0.420409771474,0.682532787323
0.0264499681326,0.423561859732,0.681465446949
0.02660930529,0.423561859732,0.681406855583
0.02660930529,0.424743892829,0.681101441383
0.0267686424474,0.424743892829,0.681060254574
0.0267686424474,0.425137903861,0.681023955345
0.0269279796048,0.425137903861,0.680989205837
0.0269279796048,0.427501970055,0.680634200573
0.0270873167623,0.427501970055,0.680512189865
0.0270873167623,0.431048069346,0.679336249828
0.0274059910771,0.431048069346,0.67922192812
0.0274059910771,0.431836091411,0.679004013538
0.027724665392,0.431836091411,0.678976237774
0.027724665392,0.433018124507,0.67886275053
0.0280433397068,0.433018124507,0.678766846657
0.0280433397068,0.433806146572,0.678681910038
0.0282026768642,0.433806146572,0.678676247597
0.0282026768642,0.434988179669,0.67857170105
0.0283620140217,0.434988179669,0.678540050983
0.0283620140217,0.435776201734,0.678165614605
0.0289993626514,0.435776201734,0.677857935429
0.0289993626514,0.43853427896,0.676247477531
0.0291586998088,0.43853427896,0.676243901253
0.0291586998088,0.439322301024,0.676220357418
0.0293180369662,0.439322301024,0.676149249077
0.0293180369662,0.442474389283,0.675698935986
0.0296367112811,0.442474389283,0.675444722176
0.0296367112811,0.444838455477,0.675065934658
0.0297960484385,0.444838455477,0.674859404564
0.0297960484385,0.447596532703,0.673889517784
0.0299553855959,0.447596532703,0.673835217953
0.0299553855959,0.447990543735,0.673643767834
0.0302740599108,0.447990543735,0.673450350761
0.0302740599108,0.449960598897,0.672891497612
0.0304333970682,0.449960598897,0.672840118408
0.0304333970682,0.450354609929,0.672787606716
0.0305927342256,0.450354609929,0.672655522823
0.0305927342256,0.451142631994,0.672425448895
0.030752071383,0.451142631994,0.672335088253
0.030752071383,0.451536643026,0.672285199165
0.0309114085405,0.451536643026,0.672281563282
0.0309114085405,0.451930654058,0.672259032726
0.0315487571702,0.451930654058,0.671962201595
0.0315487571702,0.456658786446,0.670545637608
0.0317080943276,0.456658786446,0.670532345772
0.0317080943276,0.457446808511,0.670036792755
0.031867431485,0.457840819543,0.670008718967
0.031867431485,0.459416863672,0.66985052824
0.0320267686424,0.459416863672,0.669712603092
0.0320267686424,0.460992907801,0.669362664223
0.0321861057999,0.460992907801,0.66933619976
0.0321861057999,0.461780929866,0.669186294079
0.0323454429573,0.461780929866,0.669110357761
0.0323454429573,0.462174940898,0.669105648994
0.0325047801147,0.462174940898,0.66906619072
0.0325047801147,0.462568951931,0.668967008591
0.032982791587,0.462568951931,0.66877412796
0.032982791587,0.462962962963,0.668719887733
0.0331421287444,0.462962962963,0.668571054935
0.0331421287444,0.463356973995,0.668425798416
0.0333014659018,0.463356973995,0.668302118778
0.0333014659018,0.463750985028,0.668267905712
0.0339388145315,0.463750985028,0.668016195297
0.0339388145315,0.467297084318,0.667497694492
0.034098151689,0.467297084318,0.667366206646
0.034098151689,0.468479117415,0.667118489742
0.0345761631612,0.468479117415,0.666538596153
0.0345761631612,0.468873128448,0.666474163532
0.0347355003187,0.468873128448,0.666465699673
0.0347355003187,0.469661150512,0.666396796703
0.0348948374761,0.469661150512,0.666348099709
0.0348948374761,0.472419227738,0.665438115597
0.0350541746335,0.472419227738,0.665436029434
0.0350541746335,0.473601260835,0.664986670017
0.0353728489484,0.473601260835,0.664785385132
0.0353728489484,0.4743892829,0.664517045021
0.0355321861058,0.4743892829,0.664309203625
0.0355321861058,0.475571315997,0.663946986198
0.0356915232632,0.475571315997,0.663920640945
0.0356915232632,0.476753349094,0.663617670536
0.0358508604207,0.476753349094,0.66351300478
0.0358508604207,0.477147360126,0.663505017757
0.0360101975781,0.477147360126,0.663447320461
0.0360101975781,0.479117415288,0.662969648838
0.0361695347355,0.479117415288,0.662940084934
0.0361695347355,0.480299448385,0.662844061852
0.0363288718929,0.480299448385,0.662837028503
0.0363288718929,0.481087470449,0.662511944771
0.0364882090504,0.481087470449,0.662281453609
0.0364882090504,0.481481481481,0.662148594856
0.0366475462078,0.481481481481,0.662061393261
0.0366475462078,0.482663514578,0.661698043346
0.0369662205226,0.482663514578,0.661511301994
0.0369662205226,0.486997635934,0.660867154598
0.0371255576801,0.486997635934,0.660720527172
0.0371255576801,0.488179669031,0.660547971725
0.0374442319949,0.488179669031,0.660541415215
0.0374442319949,0.490149724192,0.659971058369
0.0376035691523,0.490149724192,0.659928500652
0.0376035691523,0.490543735225,0.659765899181
0.0377629063098,0.490543735225,0.659723341465
0.0377629063098,0.492119779354,0.659358203411
0.0379222434672,0.492119779354,0.659349381924
0.0379222434672,0.492907801418,0.659163653851
0.038240917782,0.492907801418,0.658915042877
0.038240917782,0.496059889677,0.658123612404
0.0384002549395,0.496059889677,0.657815992832
0.0384002549395,0.497241922774,0.657555103302
0.0385595920969,0.497241922774,0.657516360283
0.0385595920969,0.498423955871,0.657154560089
0.0387189292543,0.498423955871,0.657043635845
0.0387189292543,0.498817966903,0.656947374344
0.0388782664117,0.498817966903,0.656779885292
0.0388782664117,0.500394011032,0.65638923645
0.0390376035692,0.500394011032,0.656359910965
0.0390376035692,0.502364066194,0.656121551991
0.039356277884,0.502364066194,0.655812561512
0.039356277884,0.503546099291,0.655311048031
0.0396749521989,0.503546099291,0.655116558075
0.0396749521989,0.50512214342,0.654612600803
0.0399936265137,0.50512214342,0.654416024685
0.0399936265137,0.505516154452,0.654393136501
0.0407903123008,0.505516154452,0.654157996178
0.0407903123008,0.505910165485,0.653992712498
0.0409496494583,0.505910165485,0.653891921043
0.0409496494583,0.507092198582,0.653801500797
0.0411089866157,0.507092198582,0.653800725937
0.0411089866157,0.507880220646,0.653070092201
0.0412683237731,0.507880220646,0.652901649475
0.0412683237731,0.512214342002,0.651637911797
0.0414276609305,0.512214342002,0.651589930058
0.0414276609305,0.512608353034,0.651524484158
0.0419056724028,0.512608353034,0.651413679123
0.0419056724028,0.513396375099,0.650904357433
0.0420650095602,0.513396375099,0.650828480721
0.0420650095602,0.513790386131,0.650792658329
0.0422243467177,0.513790386131,0.650483489037
0.0422243467177,0.514578408195,0.650242626667
0.0423836838751,0.514578408195,0.650202870369
0.0423836838751,0.51536643026,0.649834096432
0.0425430210325,0.51536643026,0.649758696556
0.0425430210325,0.516548463357,0.649327218533
0.0427023581899,0.516548463357,0.649194896221
0.0427023581899,0.516942474389,0.649119138718
0.0428616953474,0.516942474389,0.649076223373
0.0428616953474,0.517336485422,0.649043560028
0.0431803696622,0.517336485422,0.648950219154
0.0431803696622,0.518912529551,0.64817160368
0.0436583811345,0.518912529551,0.648077011108
0.0436583811345,0.521670606777,0.647817254066
0.0438177182919,0.521670606777,0.647806048393
0.0438177182919,0.522458628842,0.647690951824
0.0439770554493,0.522458628842,0.647603929043
0.0439770554493,0.523640661939,0.647108256817
0.0441363926068,0.523640661939,0.646950483322
0.0441363926068,0.524822695035,0.646710634232
0.0442957297642,0.524822695035,0.646555781364
0.0442957297642,0.5256107171,0.646537303925
0.044614404079,0.5256107171,0.646457910538
0.044614404079,0.527974783294,0.646233558655
0.0447737412365,0.527974783294,0.64616560936
0.0447737412365,0.528368794326,0.646035909653
0.0449330783939,0.528368794326,0.645975410938
0.0449330783939,0.530338849488,0.645110368729
0.0450924155513,0.530338849488,0.645091056824
0.0450924155513,0.53073286052,0.645075976849
0.0452517527087,0.53073286052,0.644985795021
0.0452517527087,0.531520882585,0.644936800003
0.0454110898662,0.531520882585,0.644933760166
0.0454110898662,0.533096926714,0.644303739071
0.045729764181,0.533096926714,0.643909275532
0.045729764181,0.533884948779,0.643817782402
0.0458891013384,0.533884948779,0.643804728985
0.0458891013384,0.535460992908,0.642991244793
0.0460484384959,0.535460992908,0.642978608608
0.0460484384959,0.537037037037,0.642877936363
0.0463671128107,0.537037037037,0.642824411392
0.0463671128107,0.537431048069,0.642546236515
0.0465264499681,0.537431048069,0.642197489738
0.0465264499681,0.537825059102,0.642084717751
0.0470044614404,0.537825059102,0.641841828823
0.0470044614404,0.539007092199,0.641485869884
0.0471637985978,0.539007092199,0.641379952431
0.0471637985978,0.54097714736,0.640108525753
0.0474824729127,0.54097714736,0.639728367329
0.0474824729127,0.542159180457,0.639239192009
0.0476418100701,0.542159180457,0.639233410358
0.0476418100701,0.542553191489,0.63911730051
0.047960484385,0.542553191489,0.638728797436
0.047960484385,0.543341213554,0.638264298439
0.0481198215424,0.543341213554,0.638102173805
0.0481198215424,0.544917257683,0.637470006943
0.0482791586998,0.544917257683,0.637356638908
0.0482791586998,0.545311268716,0.637177348137
0.0484384958572,0.545311268716,0.637063801289
0.0484384958572,0.54609929078,0.637001931667
0.0487571701721,0.54609929078,0.636446774006
0.0487571701721,0.546887312845,0.635689854622
0.0489165073295,0.546887312845,0.635430812836
0.0489165073295,0.547281323877,0.635371625423
0.0493945188018,0.547281323877,0.634977936745
0.0493945188018,0.548857368006,0.634694516659
0.0497131931166,0.548857368006,0.634678006172
0.0497131931166,0.550433412136,0.634455442429
0.0498725302741,0.550433412136,0.634451448917
0.0498725302741,0.550827423168,0.634346663952
0.0500318674315,0.550827423168,0.634158313274
0.0500318674315,0.5512214342,0.633966684341
0.0503505417463,0.5512214342,0.633739173412
0.0503505417463,0.551615445232,0.633527159691
0.0505098789038,0.551615445232,0.63326716423
0.0505098789038,0.553191489362,0.633035778999
0.0506692160612,0.553191489362,0.633031785488
0.0506692160612,0.553585500394,0.632885277271
0.0511472275335,0.553585500394,0.632656991482
0.0511472275335,0.554373522459,0.632508993149
0.0514659018483,0.554373522459,0.632360994816
0.0514659018483,0.555949566588,0.631722807884
0.0516252390057,0.555949566588,0.631666958332
0.0516252390057,0.556737588652,0.631420493126
0.0517845761632,0.556737588652,0.631338357925
0.0517845761632,0.557131599685,0.631241679192
0.0522625876354,0.557131599685,0.631108105183
0.0522625876354,0.557525610717,0.631069362164
0.0528999362651,0.557525610717,0.630475819111
0.0528999362651,0.557919621749,0.630241155624
0.0530592734226,0.557919621749,0.630087673664
0.0530592734226,0.558313632782,0.630036473274
0.0536966220523,0.558313632782,0.629890263081
0.0536966220523,0.558707643814,0.629812180996
0.054333970682,0.558707643814,0.629437208176
0.054333970682,0.559101654846,0.629412293434
0.0544933078394,0.559101654846,0.62937694788
0.0544933078394,0.560283687943,0.62928044796
0.0554493307839,0.560283687943,0.6288215518
0.0554493307839,0.561071710008,0.628783583641
0.0557680050988,0.561071710008,0.628697454929
0.0557680050988,0.56146572104,0.628695428371
0.0559273422562,0.56146572104,0.628672301769
0.0559273422562,0.563041765169,0.628575026989
0.0560866794136,0.563041765169,0.628519296646
0.0560866794136,0.563829787234,0.628469705582
0.0562460165711,0.563829787234,0.628309965134
0.0562460165711,0.564617809299,0.627949357033
0.0565646908859,0.564617809299,0.627851068974
0.0565646908859,0.565011820331,0.62780469656
0.0570427023582,0.565011820331,0.627690792084
0.0570427023582,0.565405831363,0.627620577812
0.0572020395156,0.565405831363,0.627613663673
0.0572020395156,0.565799842396,0.627354979515
0.0576800509879,0.565799842396,0.627112329006
0.0576800509879,0.56658786446,0.626763105392
0.0578393881453,0.56658786446,0.626485228539
0.0578393881453,0.566981875493,0.626360595226
0.0579987253027,0.566981875493,0.626090526581
0.0579987253027,0.567375886525,0.626040935516
0.0581580624602,0.567375886525,0.625996351242
0.0581580624602,0.569345941686,0.625654697418
0.058476736775,0.569345941686,0.625653028488
0.058476736775,0.570133963751,0.625486254692
0.0586360739324,0.570133963751,0.625439941883
0.0586360739324,0.570921985816,0.625155866146
0.0591140854047,0.570921985816,0.624764204025
0.0591140854047,0.571315996848,0.624559104443
0.0592734225621,0.571315996848,0.624500334263
0.0592734225621,0.572498029945,0.624363541603
0.0594327597196,0.572498029945,0.623953223228
0.0594327597196,0.572892040977,0.623908936977
0.059592096877,0.572892040977,0.62373316288
0.059592096877,0.573680063042,0.623543322086
0.0599107711918,0.573680063042,0.623281240463
0.0599107711918,0.574468085106,0.623168468475
0.0600701083493,0.574468085106,0.623035788536
0.0600701083493,0.575256107171,0.622788310051
0.0605481198215,0.575256107171,0.622486710548
0.0605481198215,0.576044129236,0.622312068939
0.060707456979,0.576044129236,0.622233390808
0.060707456979,0.5768321513,0.622075080872
0.0608667941364,0.5768321513,0.622014582157
0.0608667941364,0.577226162333,0.621903896332
0.0610261312938,0.577226162333,0.62169033289
0.0610261312938,0.577620173365,0.621625959873
0.0611854684512,0.577620173365,0.621592402458
0.0611854684512,0.578802206462,0.621288478374
0.0618228170809,0.578802206462,0.620857775211
0.0618228170809,0.582348305753,0.619811236858
0.0619821542384,0.582348305753,0.619595110416
0.0619821542384,0.582742316785,0.619547724724
0.0621414913958,0.582742316785,0.619497478008
0.0621414913958,0.583136327817,0.619333267212
0.0624601657106,0.583136327817,0.619237661362
0.0624601657106,0.583530338849,0.619209647179
0.0626195028681,0.583530338849,0.61915653944
0.0626195028681,0.583924349882,0.619148552418
0.0629381771829,0.583924349882,0.618809103966
0.0629381771829,0.584318360914,0.618795573711
0.0630975143403,0.584318360914,0.61878412962
0.0630975143403,0.585106382979,0.618652164936
0.0634161886552,0.585106382979,0.61826467514
0.0634161886552,0.585894405043,0.61819845438
0.06373486297,0.585894405043,0.618123412132
0.06373486297,0.586682427108,0.617942690849
0.0638942001275,0.586682427108,0.617897391319
0.0638942001275,0.588258471237,0.617789506912
0.0643722115997,0.588258471237,0.617527008057
0.0643722115997,0.589046493302,0.617460131645
0.0645315487572,0.589046493302,0.617433905602
0.0645315487572,0.590228526399,0.617174863815
0.064850223072,0.590228526399,0.617125272751
0.0651688973869,0.590228526399,0.616994261742
0.0651688973869,0.590622537431,0.616781413555
0.0654875717017,0.590622537431,0.616659939289
0.0654875717017,0.59219858156,0.616062819958
0.0656469088591,0.59219858156,0.616014778614
0.0656469088591,0.592592592593,0.615889012814
0.0658062460166,0.592592592593,0.615814447403
0.0658062460166,0.594562647754,0.615462183952
0.065965583174,0.594562647754,0.615266263485
0.065965583174,0.594956658786,0.615190923214
0.0661249203314,0.594956658786,0.615161001682
0.0661249203314,0.596926713948,0.614727139473
0.0662842574888,0.596926713948,0.614654660225
0.0662842574888,0.599684791174,0.614305973053
0.0666029318037,0.599684791174,0.614104509354
0.0666029318037,0.600078802206,0.613968968391
0.0669216061185,0.600078802206,0.613740086555
0.0669216061185,0.601260835303,0.613195955753
0.0677182919057,0.601260835303,0.612887024879
0.0677182919057,0.602048857368,0.61261343956
0.0678776290631,0.602048857368,0.612470984459
0.0678776290631,0.6024428684,0.612272620201
0.0683556405354,0.6024428684,0.61203110218
0.0683556405354,0.606382978723,0.610959112644
0.0685149776928,0.606382978723,0.610864281654
0.0685149776928,0.607959022853,0.610426843166
0.0686743148502,0.607959022853,0.610251784325
0.0686743148502,0.608747044917,0.610167503357
0.0689929891651,0.608747044917,0.610124528408
0.0689929891651,0.609929078014,0.609977722168
0.0696303377948,0.609929078014,0.609452486038
0.0696303377948,0.610323089046,0.609311699867
0.0697896749522,0.610323089046,0.609269917011
0.0697896749522,0.611111111111,0.60923653841
0.070108349267,0.611111111111,0.609053432941
0.070108349267,0.611505122143,0.609023690224
0.0702676864245,0.611505122143,0.608966886997
0.0702676864245,0.61426319937,0.608389854431
0.0704270235819,0.61426319937,0.608114719391
0.0704270235819,0.614657210402,0.608065843582
0.0707456978967,0.614657210402,0.608008027077
0.0707456978967,0.615445232467,0.607932686806
0.0710643722116,0.615445232467,0.607792913914
0.0710643722116,0.615839243499,0.607729196548
0.0713830465264,0.615839243499,0.607484936714
0.0713830465264,0.617021276596,0.607016444206
0.0715423836839,0.617021276596,0.606981694698
0.0715423836839,0.617415287628,0.606949388981
0.0717017208413,0.617415287628,0.606867074966
0.0717017208413,0.61780929866,0.606853187084
0.0720203951562,0.61780929866,0.606696486473
0.0720203951562,0.618203309693,0.606299698353
0.0721797323136,0.618203309693,0.606231749058
0.0721797323136,0.618597320725,0.606049001217
0.0724984066284,0.618597320725,0.605938017368
0.0724984066284,0.618991331757,0.605817139149
0.0726577437859,0.618991331757,0.60579431057
0.0726577437859,0.619779353822,0.605652809143
0.0728170809433,0.619779353822,0.605635464191
0.0728170809433,0.620173364854,0.605608761311
0.0732950924156,0.620173364854,0.605326533318
0.0732950924156,0.622537431048,0.604801893234
0.073454429573,0.622537431048,0.604742050171
0.073454429573,0.623719464145,0.604627609253
0.0740917782027,0.623719464145,0.603834867477
0.0740917782027,0.624113475177,0.603697001934
0.0742511153601,0.624113475177,0.60360956192
0.0742511153601,0.624901497242,0.603464841843
0.0744104525175,0.624901497242,0.603343069553
0.0744104525175,0.625689519307,0.60314142704
0.074569789675,0.625689519307,0.603088259697
0.074569789675,0.626083530339,0.603084802628
0.0747291268324,0.626083530339,0.603079974651
0.0747291268324,0.627659574468,0.602668941021
0.0750478011472,0.627659574468,0.602595865726
0.0750478011472,0.629235618597,0.602183640003
0.0752071383047,0.629235618597,0.602113604546
0.0752071383047,0.630023640662,0.601974487305
0.0753664754621,0.630023640662,0.601805329323
0.0753664754621,0.630417651694,0.601667046547
0.0755258126195,0.630417651694,0.601346671581
0.0755258126195,0.631205673759,0.601328015327
0.0758444869344,0.631205673759,0.601292848587
0.0758444869344,0.631993695823,0.601180374622
0.0761631612492,0.631993695823,0.600875258446
0.0761631612492,0.632781717888,0.600793778896
0.0763224984066,0.632781717888,0.600641906261
0.0763224984066,0.63317572892,0.600621581078
0.0766411727215,0.63317572892,0.600440621376
0.0766411727215,0.633963750985,0.600412487984
0.0771191841938,0.633963750985,0.600200474262
0.0771191841938,0.63475177305,0.600196957588
0.0780752071383,0.63475177305,0.599660933018
0.0780752071383,0.635145784082,0.599583685398
0.0783938814532,0.635145784082,0.599498748779
0.0783938814532,0.636327817179,0.599313795567
0.078712555768,0.636327817179,0.599261939526
0.078712555768,0.637509850276,0.598910868168
0.0788718929254,0.637509850276,0.598792433739
0.0788718929254,0.637903861308,0.598726451397
0.0790312300829,0.637903861308,0.59848600626
0.0790312300829,0.639085894405,0.598048985004
0.0791905672403,0.639085894405,0.598045229912
0.0791905672403,0.63987391647,0.597895145416
0.0793499043977,0.63987391647,0.597848892212
0.0793499043977,0.640267927502,0.597707033157
0.0796685787126,0.640267927502,0.597441732883
0.0796685787126,0.640661938534,0.597434937954
0.07982791587,0.640661938534,0.597429156303
0.07982791587,0.642237982664,0.597120285034
0.0799872530274,0.642237982664,0.596994996071
0.0799872530274,0.643026004728,0.596857726574
0.0803059273423,0.643026004728,0.596712648869
0.0803059273423,0.643814026793,0.596489429474
0.0804652644997,0.643814026793,0.596326828003
0.0804652644997,0.644208037825,0.596231281757
0.0806246016571,0.644208037825,0.59611839056
0.0806246016571,0.644602048857,0.59605050087
0.080943275972,0.644602048857,0.595867156982
0.080943275972,0.645390070922,0.595816254616
0.0812619502868,0.645390070922,0.595721900463
0.0812619502868,0.645784081954,0.595663130283
0.0814212874442,0.645784081954,0.595583796501
0.0814212874442,0.646178092987,0.595499575138
0.0815806246017,0.646178092987,0.595382750034
0.0815806246017,0.646966115051,0.595219135284
0.0817399617591,0.646966115051,0.595105051994
0.0817399617591,0.647360126084,0.595053792
0.0818992989165,0.647360126084,0.595021903515
0.0818992989165,0.648148148148,0.594808518887
0.0822179732314,0.648148148148,0.594506978989
0.0822179732314,0.650906225374,0.593578398228
0.0826959847036,0.650906225374,0.59333562851
0.0826959847036,0.652088258471,0.593191981316
0.0828553218611,0.652088258471,0.593022823334
0.0828553218611,0.653270291568,0.592876493931
0.0830146590185,0.653270291568,0.592788159847
0.0830146590185,0.6536643026,0.592472612858
0.0831739961759,0.6536643026,0.592393100262
0.0831739961759,0.654058313633,0.592226445675
0.0838113448056,0.654058313633,0.591772139072
0.0838113448056,0.654846335697,0.59168022871
0.0841300191205,0.654846335697,0.591563045979
0.0841300191205,0.655634357762,0.591359376907
0.0844486934353,0.655634357762,0.591189265251
0.0844486934353,0.656816390859,0.590872049332
0.0846080305927,0.656816390859,0.590821921825
0.0846080305927,0.659180457053,0.590105295181
0.0847673677502,0.659180457053,0.590094268322
0.0847673677502,0.659968479117,0.589825928211
0.085086042065,0.659968479117,0.589638411999
0.085086042065,0.66036249015,0.58961057663
0.0855640535373,0.66036249015,0.58939152956
0.0855640535373,0.661150512214,0.589155495167
0.0865200764818,0.661150512214,0.588858366013
0.0865200764818,0.662726556344,0.588533580303
0.0869980879541,0.662726556344,0.588282287121
0.0869980879541,0.663514578408,0.588110506535
0.0871574251115,0.663514578408,0.58799880743
0.0871574251115,0.663908589441,0.587935388088
0.0874760994264,0.663908589441,0.587689816952
0.0874760994264,0.664302600473,0.587552964687
0.0874760994264,0.665090622537,0.587296903133
0.0884321223709,0.665090622537,0.586626946926
0.0884321223709,0.66548463357,0.586539149284
0.0887507966858,0.66548463357,0.586524784565
0.0887507966858,0.666272655634,0.586441397667
0.0889101338432,0.666272655634,0.586441338062
0.0889101338432,0.668242710796,0.586178004742
0.0892288081581,0.668242710796,0.586051404476
0.0892288081581,0.669030732861,0.586018443108
0.0893881453155,0.669030732861,0.585960149765
0.0893881453155,0.669818754925,0.585919797421
0.0895474824729,0.669818754925,0.585882544518
0.0895474824729,0.670212765957,0.585789859295
0.09034416826,0.670212765957,0.585144519806
0.09034416826,0.671000788022,0.584979295731
0.0909815168897,0.671000788022,0.584798514843
0.0909815168897,0.671788810087,0.584571659565
0.0917782026769,0.671788810087,0.584456503391
0.0917782026769,0.672576832151,0.584365665913
0.0922562141491,0.672576832151,0.584199130535
0.0922562141491,0.673758865248,0.584102928638
0.0924155513066,0.673758865248,0.584080278873
0.0924155513066,0.674152876281,0.58403044939
0.092574888464,0.674152876281,0.584001421928
0.092574888464,0.674546887313,0.583980441093
0.0927342256214,0.674546887313,0.5839214921
0.0927342256214,0.674940898345,0.58388197422
0.0930528999363,0.674940898345,0.583733260632
0.0930528999363,0.675334909377,0.583604037762
0.0935309114085,0.675334909377,0.583238840103
0.0935309114085,0.676122931442,0.583069741726
0.093690248566,0.676122931442,0.582943797112
0.093690248566,0.676516942474,0.582939207554
0.0954429572976,0.676516942474,0.582122504711
0.0954429572976,0.677698975571,0.581833422184
0.0956022944551,0.677698975571,0.581553757191
0.0956022944551,0.678092986604,0.581452131271
0.0965583173996,0.678092986604,0.58109664917
0.0965583173996,0.678486997636,0.580977916718
0.0971956660293,0.678486997636,0.580831348896
0.0971956660293,0.678881008668,0.580730319023
0.0975143403442,0.678881008668,0.58028024435
0.0975143403442,0.679275019701,0.580266594887
0.0976736775016,0.679275019701,0.580248653889
0.0976736775016,0.679669030733,0.58023250103
0.0979923518164,0.679669030733,0.579970419407
0.0979923518164,0.680063041765,0.579717814922
0.0981516889739,0.680063041765,0.579689502716
0.0981516889739,0.68085106383,0.579330265522
0.0983110261313,0.68085106383,0.579253971577
0.0983110261313,0.681245074862,0.579182803631
0.0984703632887,0.681245074862,0.579121291637
0.0984703632887,0.681639085894,0.579055607319
0.098948374761,0.681639085894,0.578749418259
0.098948374761,0.682033096927,0.578626990318
0.0992670490758,0.682033096927,0.578128516674
0.0992670490758,0.682821118991,0.577810585499
0.0999043977055,0.682821118991,0.577343404293
0.0999043977055,0.683215130024,0.577313959599
0.100063734863,0.683215130024,0.577265143394
0.100063734863,0.684397163121,0.576880514622
0.100701083493,0.684397163121,0.576354444027
0.100701083493,0.685185185185,0.576252520084
0.10086042065,0.685185185185,0.575975358486
0.10086042065,0.685579196217,0.575781583786
0.101179094965,0.685579196217,0.575630664825
0.101179094965,0.686367218282,0.575554192066
0.10149776928,0.686367218282,0.575509607792
0.10149776928,0.687943262411,0.575389385223
0.102135117909,0.687943262411,0.575255513191
0.102135117909,0.688337273444,0.575213253498
0.102294455067,0.688337273444,0.575158715248
0.102294455067,0.688731284476,0.574590682983
0.102453792224,0.688731284476,0.574566423893
0.102453792224,0.689125295508,0.574538946152
0.102613129382,0.689125295508,0.574514806271
0.102613129382,0.689519306541,0.574462592602
0.102772466539,0.689519306541,0.574429810047
0.102772466539,0.689913317573,0.574390113354
0.103091140854,0.689913317573,0.573755919933
0.103091140854,0.690307328605,0.573750078678
0.103250478011,0.690307328605,0.573736310005
0.103250478011,0.691883372734,0.573383867741
0.103409815169,0.691883372734,0.573370814323
0.103409815169,0.692277383767,0.573306441307
0.103728489484,0.692277383767,0.573213398457
0.103728489484,0.692671394799,0.573119163513
0.103887826641,0.692671394799,0.573069751263
0.103887826641,0.693065405831,0.57298797369
0.104206500956,0.693065405831,0.572757720947
0.104206500956,0.693853427896,0.572084546089
0.104525175271,0.693853427896,0.572016239166
0.104525175271,0.695429472025,0.571338832378
0.104684512428,0.695429472025,0.571307361126
0.104684512428,0.69621749409,0.571233332157
0.10579987253,0.69621749409,0.570733785629
0.10579987253,0.696611505122,0.570632517338
0.105959209688,0.696611505122,0.570503354073
0.105959209688,0.697005516154,0.570384144783
0.106118546845,0.697005516154,0.570332527161
0.106118546845,0.697399527187,0.570262670517
0.106277884003,0.697399527187,0.570175766945
0.106277884003,0.697793538219,0.570047020912
0.10643722116,0.697793538219,0.570023536682
0.10643722116,0.698581560284,0.569957077503
0.106915232632,0.698581560284,0.569757819176
0.106915232632,0.699763593381,0.569428622723
0.10707456979,0.699763593381,0.569116055965
0.10707456979,0.700157604413,0.569102168083
0.107552581262,0.700157604413,0.568884968758
0.107552581262,0.700945626478,0.568750739098
0.107871255577,0.700945626478,0.56848013401
0.107871255577,0.70133963751,0.568472325802
0.108030592734,0.70133963751,0.568449437618
0.108030592734,0.702521670607,0.568334519863
0.108349267049,0.702521670607,0.568300008774
0.108349267049,0.702915681639,0.567914068699
0.108986615679,0.702915681639,0.5676689744
0.108986615679,0.703309692671,0.567598640919
0.109783301466,0.703309692671,0.566946327686
0.109783301466,0.704885736801,0.566618800163
0.110420650096,0.704885736801,0.566312849522
0.110420650096,0.706855791962,0.565775752068
0.110579987253,0.706855791962,0.565721809864
0.110579987253,0.707249802994,0.565582931042
0.11073932441,0.707249802994,0.565470397472
0.11073932441,0.707643814027,0.565462529659
0.110898661568,0.707643814027,0.565343618393
0.110898661568,0.708037825059,0.565323889256
0.111217335883,0.708037825059,0.565216481686
0.111217335883,0.708431836091,0.565214693546
0.11201402167,0.708431836091,0.564622282982
0.11201402167,0.710401891253,0.564478456974
0.112173358827,0.710401891253,0.564444124699
0.112173358827,0.710795902285,0.564402639866
0.1126513703,0.710795902285,0.564308226109
0.1126513703,0.711189913318,0.564163148403
0.112970044614,0.711189913318,0.564152121544
0.112970044614,0.711977935382,0.564084351063
0.113448056087,0.711977935382,0.563803136349
0.113448056087,0.712371946414,0.563801825047
0.113926067559,0.712371946414,0.563598752022
0.113926067559,0.712765957447,0.563527464867
0.114244741874,0.712765957447,0.563255488873
0.114244741874,0.713947990544,0.562998831272
0.114882090504,0.713947990544,0.562375664711
0.114882090504,0.714342001576,0.562278926373
0.115200764818,0.714342001576,0.56210398674
0.115200764818,0.715130023641,0.561918199062
0.115838113448,0.715130023641,0.561596155167
0.115838113448,0.715524034673,0.561591267586
0.115997450605,0.715524034673,0.561300039291
0.115997450605,0.716312056738,0.561294436455
0.115997450605,0.717494089835,0.561153113842
0.116156787763,0.717494089835,0.561062395573
0.116156787763,0.718282111899,0.561047673225
0.117112810707,0.718282111899,0.560777723789
0.117112810707,0.718676122931,0.560768544674
0.117750159337,0.718676122931,0.560237705708
0.117750159337,0.719070133964,0.560232579708
0.118068833652,0.719070133964,0.560014009476
0.118068833652,0.719464144996,0.560012996197
0.118228170809,0.719464144996,0.559937477112
0.118228170809,0.719858156028,0.559836030006
0.118387507967,0.719858156028,0.55962741375
0.118387507967,0.720252167061,0.559520483017
0.118706182282,0.720252167061,0.559469521046
0.118706182282,0.720646178093,0.559303164482
0.119502868069,0.720646178093,0.558900356293
0.119502868069,0.721040189125,0.55884039402
0.120140216699,0.721040189125,0.558529853821
0.120140216699,0.72182821119,0.558467328548
0.120618228171,0.72182821119,0.557926297188
0.120618228171,0.723010244287,0.557787895203
0.120936902486,0.723010244287,0.557704150677
0.121255576801,0.723010244287,0.557493448257
0.121255576801,0.723404255319,0.557195425034
0.121414913958,0.723404255319,0.557085633278
0.121414913958,0.723798266351,0.557047009468
0.121574251115,0.723798266351,0.556975483894
0.121574251115,0.724586288416,0.556966722012
0.121733588273,0.724586288416,0.55688470602
0.121733588273,0.724980299448,0.556671619415
0.122052262588,0.724980299448,0.556569635868
0.122052262588,0.725768321513,0.556423902512
0.122370936902,0.725768321513,0.556243360043
0.122370936902,0.726556343578,0.556123793125
0.122689611217,0.726556343578,0.555815279484
0.122689611217,0.72695035461,0.55579996109
0.122848948375,0.72695035461,0.555739402771
0.122848948375,0.727344365642,0.555660963058
0.124920331421,0.727344365642,0.555244863033
0.124920331421,0.727738376675,0.554998219013
0.125398342894,0.727738376675,0.554836332798
0.125398342894,0.728920409771,0.554703056812
0.125557680051,0.728920409771,0.554653942585
0.125557680051,0.729314420804,0.55446523428
0.126035691523,0.729314420804,0.554359674454
0.126035691523,0.729708431836,0.554328560829
0.126991714468,0.729708431836,0.554081618786
0.126991714468,0.730496453901,0.554012417793
0.127310388783,0.730496453901,0.553935348988
0.127310388783,0.731678486998,0.553656280041
0.12810707457,0.731678486998,0.553342282772
0.12810707457,0.73207249803,0.553323745728
0.128425748885,0.73207249803,0.553310394287
0.128425748885,0.732466509062,0.553275465965
0.128585086042,0.732466509062,0.553252458572
0.128585086042,0.733254531127,0.553149938583
0.128903760357,0.733254531127,0.552991211414
0.128903760357,0.734042553191,0.552761018276
0.129063097514,0.734042553191,0.552758276463
0.129063097514,0.734436564224,0.55261862278
0.129700446144,0.734436564224,0.552377939224
0.129700446144,0.735224586288,0.552221596241
0.130019120459,0.735224586288,0.552121460438
0.130019120459,0.735618597321,0.552024662495
0.130178457616,0.735618597321,0.552015721798
0.130178457616,0.736012608353,0.551868796349
0.130337794774,0.736012608353,0.551852524281
0.130337794774,0.736406619385,0.551791727543
0.130497131931,0.736406619385,0.551706314087
0.130497131931,0.736800630418,0.551522612572
0.130975143403,0.736800630418,0.551336169243
0.130975143403,0.737982663515,0.551195919514
0.131134480561,0.737982663515,0.551022946835
0.131134480561,0.739164696612,0.550623297691
0.131612492033,0.739164696612,0.550122559071
0.131612492033,0.739558707644,0.549968600273
0.131771829191,0.739558707644,0.549689292908
0.131771829191,0.740346729708,0.54935336113
0.132090503505,0.740346729708,0.549192130566
0.132090503505,0.741134751773,0.549020171165
0.132249840663,0.741134751773,0.54898416996
0.132249840663,0.741528762805,0.548933207989
0.132727852135,0.741528762805,0.54887932539
0.132727852135,0.741922773838,0.548874139786
0.133365200765,0.741922773838,0.548509538174
0.133365200765,0.74231678487,0.548147559166
0.133524537922,0.74231678487,0.548090457916
0.133524537922,0.742710795902,0.548060953617
0.134002549395,0.742710795902,0.547967910767
0.134002549395,0.743498817967,0.547764122486
0.134639898024,0.743498817967,0.547402620316
0.134639898024,0.743892828999,0.547372043133
0.134799235182,0.743892828999,0.547310471535
0.134799235182,0.744680851064,0.547200739384
0.134958572339,0.744680851064,0.54719632864
0.134958572339,0.745468873128,0.547010779381
0.135117909496,0.745468873128,0.547005414963
0.135117909496,0.74743892829,0.546452760696
0.135595920969,0.74743892829,0.546242237091
0.135595920969,0.748620961387,0.546031534672
0.136073932441,0.748620961387,0.54588997364
0.136073932441,0.749014972419,0.545858800411
0.136233269598,0.749014972419,0.545843362808
0.136233269598,0.749802994484,0.545758128166
0.136392606756,0.749802994484,0.545687496662
0.136392606756,0.750197005516,0.545618057251
0.136551943913,0.750197005516,0.545573472977
0.136551943913,0.750591016548,0.54549998045
0.137189292543,0.750591016548,0.545371174812
0.137189292543,0.751379038613,0.545049011707
0.13798597833,0.751379038613,0.54454678297
0.13798597833,0.751773049645,0.544475972652
0.138145315488,0.751773049645,0.544385969639
0.138145315488,0.752167060678,0.544370234013
0.139898024219,0.752167060678,0.543812096119
0.139898024219,0.75256107171,0.543782413006
0.140057361377,0.75256107171,0.543769299984
0.140057361377,0.753349093775,0.543741226196
0.140376035692,0.753349093775,0.543485164642
0.140376035692,0.754531126872,0.543420135975
0.140694710006,0.754531126872,0.54328250885
0.140694710006,0.755319148936,0.543231964111
0.141013384321,0.755319148936,0.543202459812
0.141013384321,0.755713159968,0.543002665043
0.141172721479,0.755713159968,0.54281771183
0.141172721479,0.757289204098,0.542463064194
0.141810070108,0.757289204098,0.542236924171
0.141810070108,0.75768321513,0.542145371437
0.141969407266,0.75768321513,0.542015373707
0.141969407266,0.758077226162,0.541854560375
0.142447418738,0.758077226162,0.541447818279
0.142447418738,0.758471237195,0.541434586048
0.142606755895,0.758471237195,0.541387677193
0.142606755895,0.758865248227,0.541331768036
0.143244104525,0.758865248227,0.541025221348
0.143244104525,0.759259259259,0.540991723537
0.143722115997,0.759259259259,0.540649175644
0.143722115997,0.759653270292,0.540556848049
0.144359464627,0.759653270292,0.540328264236
0.144359464627,0.760047281324,0.540280163288
0.144518801785,0.760047281324,0.540209591389
0.144518801785,0.760441292356,0.540170550346
0.144678138942,0.760441292356,0.539821982384
0.144678138942,0.761229314421,0.539550304413
0.144837476099,0.761229314421,0.539470255375
0.144837476099,0.762411347518,0.53938382864
0.145156150414,0.762411347518,0.539204537868
0.145156150414,0.76280535855,0.539107859135
0.145793499044,0.76280535855,0.538719654083
0.145793499044,0.763199369582,0.53868252039
0.146271510516,0.763199369582,0.538538515568
0.146271510516,0.763593380615,0.538496136665
0.146430847674,0.763593380615,0.538348376751
0.146430847674,0.763987391647,0.538317620754
0.146908859146,0.763987391647,0.537861526012
0.146908859146,0.764381402679,0.537828326225
0.147227533461,0.764381402679,0.537744998932
0.147227533461,0.764775413712,0.53767323494
0.147386870618,0.764775413712,0.537508189678
0.147386870618,0.765563435776,0.537305176258
0.147705544933,0.765563435776,0.537156224251
0.147705544933,0.765957446809,0.53696924448
0.148183556405,0.765957446809,0.536742508411
0.148183556405,0.766351457841,0.536740243435
0.148661567878,0.766351457841,0.536517977715
0.148661567878,0.766745468873,0.536500275135
0.14977692798,0.766745468873,0.536267757416
0.14977692798,0.767533490938,0.535803854465
0.150095602294,0.767533490938,0.535584330559
0.150095602294,0.76792750197,0.53555303812
0.150254939452,0.76792750197,0.535542845726
0.150254939452,0.768715524035,0.535352408886
0.150573613767,0.768715524035,0.535323500633
0.150573613767,0.769503546099,0.535160899162
0.151051625239,0.769503546099,0.535033166409
0.151051625239,0.769897557132,0.53493309021
0.151688973869,0.769897557132,0.534856200218
0.151688973869,0.770685579196,0.534607887268
0.153123008286,0.770685579196,0.533939123154
0.153123008286,0.771867612293,0.533658742905
0.153601019758,0.771867612293,0.533338725567
0.153601019758,0.772655634358,0.533148348331
0.15407903123,0.772655634358,0.532914936543
0.15407903123,0.77304964539,0.532875239849
0.154557042702,0.77304964539,0.532763719559
0.154557042702,0.774231678487,0.532693982124
0.155672402804,0.774231678487,0.532156050205
0.155672402804,0.774625689519,0.532154798508
0.156309751434,0.774625689519,0.532092511654
0.156309751434,0.775019700552,0.531956136227
0.156787762906,0.775019700552,0.531847476959
0.156787762906,0.775413711584,0.531838715076
0.157265774379,0.775413711584,0.531639635563
0.157265774379,0.775807722616,0.531611979008
0.157584448693,0.775807722616,0.531538844109
0.157584448693,0.776201733649,0.531480848789
0.158381134481,0.776201733649,0.530919909477
0.158381134481,0.776595744681,0.530913054943
0.159177820268,0.776595744681,0.530354917049
0.159177820268,0.776989755713,0.530268073082
0.159496494583,0.776989755713,0.530119359493
0.159496494583,0.777383766745,0.529638826847
0.159974506055,0.777383766745,0.529266893864
0.159974506055,0.777777777778,0.528856277466
0.160930528999,0.777777777778,0.52861648798
0.160930528999,0.77817178881,0.528454005718
0.162205226259,0.77817178881,0.527886450291
0.162205226259,0.778565799842,0.527877390385
0.162364563416,0.778565799842,0.527871012688
0.162364563416,0.778959810875,0.527864456177
0.163001912046,0.778959810875,0.527341246605
0.163001912046,0.779353821907,0.527327895164
0.164276609305,0.779353821907,0.526694417
0.164276609305,0.780141843972,0.526504695415
0.165073295092,0.780141843972,0.526188611984
0.165073295092,0.780929866036,0.526029348373
0.166188655194,0.780929866036,0.52558618784
0.166188655194,0.781323877069,0.525537967682
0.166826003824,0.781323877069,0.525382578373
0.166826003824,0.782505910165,0.525023460388
0.166985340982,0.782505910165,0.524974822998
0.166985340982,0.78329393223,0.524941861629
0.167622689611,0.78329393223,0.524505913258
0.167622689611,0.783687943262,0.524467766285
0.167941363926,0.783687943262,0.524182140827
0.167941363926,0.784475965327,0.524128496647
0.169216061185,0.784475965327,0.523777663708
0.169216061185,0.784869976359,0.523753583431
0.169694072658,0.784869976359,0.52346521616
0.169694072658,0.785657998424,0.523444652557
0.170012746973,0.785657998424,0.523164331913
0.170012746973,0.786052009456,0.523115873337
0.170490758445,0.786052009456,0.522860527039
0.170490758445,0.786840031521,0.522810101509
0.17080943276,0.786840031521,0.522733092308
0.17080943276,0.787234042553,0.522732794285
0.170968769917,0.787234042553,0.522705435753
0.170968769917,0.787628053586,0.522556960583
0.171287444232,0.787628053586,0.522530555725
0.171287444232,0.78841607565,0.52251958847
0.171765455704,0.78841607565,0.522382080555
0.171765455704,0.789204097715,0.522144258022
0.172402804334,0.789204097715,0.521871566772
0.172402804334,0.789598108747,0.521839916706
0.173040152964,0.789598108747,0.521750211716
0.173040152964,0.790386130812,0.52174705267
0.173040152964,0.790780141844,0.521555185318
0.173358827279,0.790780141844,0.521364569664
0.173358827279,0.791174152876,0.521351397038
0.173518164436,0.791174152876,0.521288096905
0.173518164436,0.791962174941,0.521182775497
0.17511153601,0.791962174941,0.52011269331
0.17511153601,0.792356185973,0.520081579685
0.175270873168,0.792356185973,0.520049512386
0.175270873168,0.792750197006,0.519953787327
0.175430210325,0.792750197006,0.519820153713
0.175430210325,0.793144208038,0.519661843777
0.175589547482,0.793144208038,0.519658386707
0.175589547482,0.794326241135,0.519538104534
0.17574888464,0.794326241135,0.51953202486
0.17574888464,0.794720252167,0.519466459751
0.176067558955,0.794720252167,0.519253611565
0.176067558955,0.795508274232,0.519064962864
0.176226896112,0.795508274232,0.519045650959
0.176226896112,0.795902285264,0.518939852715
0.176545570427,0.795902285264,0.518797934055
0.176545570427,0.796296296296,0.518758773804
0.176704907584,0.796296296296,0.518690347672
0.176704907584,0.796690307329,0.518680214882
0.177342256214,0.796690307329,0.51841968298
0.177342256214,0.797478329393,0.518261253834
0.177979604844,0.797478329393,0.51793885231
0.177979604844,0.798266351458,0.517670154572
0.179094964946,0.798266351458,0.517041623592
0.179094964946,0.79866036249,0.516886591911
0.179891650733,0.79866036249,0.516731202602
0.179891650733,0.799448384555,0.516699314117
0.180369662205,0.799448384555,0.516436755657
0.180369662205,0.799842395587,0.516372799873
0.180847673678,0.799842395587,0.516324460506
0.180847673678,0.800236406619,0.51631385088
0.181007010835,0.800236406619,0.516304850578
0.181007010835,0.801024428684,0.516181647778
0.18132568515,0.801024428684,0.515995204449
0.18132568515,0.801418439716,0.515972077847
0.181485022307,0.801418439716,0.5159714818
0.181485022307,0.803388494878,0.515846073627
0.181803696622,0.803388494878,0.515674293041
0.181803696622,0.80378250591,0.515619695187
0.183715742511,0.80378250591,0.51408970356
0.183715742511,0.804570527975,0.513910293579
0.183875079669,0.804570527975,0.513880968094
0.183875079669,0.804964539007,0.513870835304
0.184034416826,0.804964539007,0.513826847076
0.184034416826,0.805358550039,0.513787448406
0.184831102613,0.805358550039,0.513546943665
0.184831102613,0.806146572104,0.513253331184
0.185309114085,0.806146572104,0.513192892075
0.185309114085,0.806540583136,0.513161957264
0.186105799873,0.806540583136,0.51298481226
0.186105799873,0.806934594169,0.512969136238
0.186583811345,0.806934594169,0.51289331913
0.186583811345,0.807328605201,0.512762069702
0.187858508604,0.807328605201,0.512234449387
0.187858508604,0.807722616233,0.512200176716
0.188017845762,0.807722616233,0.512153208256
0.188017845762,0.808116627266,0.512108445168
0.189133205864,0.808116627266,0.511575996876
0.189133205864,0.808510638298,0.511565625668
0.19056724028,0.808510638298,0.510903298855
0.19056724028,0.809692671395,0.510701715946
0.191045251753,0.809692671395,0.510378062725
0.191045251753,0.810086682427,0.510365843773
0.191363926068,0.810086682427,0.510292053223
0.191363926068,0.810874704492,0.510274708271
0.191682600382,0.810874704492,0.510170638561
0.191682600382,0.811662726556,0.509998619556
0.19184193754,0.811662726556,0.509976387024
0.19184193754,0.812450748621,0.50990909338
0.192160611855,0.812450748621,0.509836554527
0.192160611855,0.812844759653,0.50973957777
0.192957297642,0.812844759653,0.509451806545
0.192957297642,0.813238770686,0.509292840958
0.193116634799,0.813238770686,0.509218156338
0.193116634799,0.813632781718,0.509189844131
0.194231994901,0.813632781718,0.508771896362
0.194231994901,0.81402679275,0.508744597435
0.194391332059,0.81402679275,0.508677124977
0.194391332059,0.814814814815,0.508633553982
0.195666029318,0.814814814815,0.508038282394
0.195666029318,0.815208825847,0.507952392101
0.195825366475,0.815208825847,0.507901191711
0.195825366475,0.815602836879,0.507714569569
0.195984703633,0.815602836879,0.50762784481
0.195984703633,0.816390858944,0.507607936859
0.196462715105,0.816390858944,0.507540106773
0.196462715105,0.817178881009,0.507474601269
0.197259400892,0.817178881009,0.507102131844
0.197259400892,0.817572892041,0.507079422474
0.19741873805,0.817572892041,0.507064700127
0.19741873805,0.817966903073,0.507054805756
0.198534098152,0.817966903073,0.506257116795
0.198534098152,0.818360914106,0.50624102354
0.199330783939,0.818360914106,0.505860328674
0.199330783939,0.818754925138,0.505736351013
0.200764818356,0.818754925138,0.505054473877
0.200764818356,0.81914893617,0.504926621914
0.200924155513,0.81914893617,0.504925906658
0.200924155513,0.819936958235,0.50462025404
0.201561504143,0.819936958235,0.504424512386
0.201561504143,0.820330969267,0.504309117794
0.2017208413,0.820330969267,0.504273891449
0.2017208413,0.820724980299,0.504140555859
0.20235818993,0.820724980299,0.504046797752
0.20235818993,0.821907013396,0.503923118114
0.202676864245,0.821907013396,0.503820776939
0.202676864245,0.822301024429,0.503690421581
0.20299553856,0.822301024429,0.503658115864
0.20299553856,0.822695035461,0.503639280796
0.203473550032,0.822695035461,0.503250360489
0.203473550032,0.823089046493,0.50312936306
0.203632887189,0.823089046493,0.503113389015
0.203632887189,0.823877068558,0.502982079983
0.204110898662,0.823877068558,0.502947866917
0.204429572976,0.823877068558,0.502932786942
0.204588910134,0.823877068558,0.502833545208
0.204588910134,0.82427107959,0.502759516239
0.205544933078,0.82427107959,0.502515792847
0.205544933078,0.824665090623,0.502494335175
0.20666029318,0.824665090623,0.501972436905
0.20666029318,0.825059101655,0.501935601234
0.206819630338,0.825059101655,0.501860558987
0.206819630338,0.825453112687,0.501858592033
0.207456978967,0.825453112687,0.50171148777
0.207456978967,0.826241134752,0.501538932323
0.208731676227,0.826241134752,0.500684320927
0.208731676227,0.826635145784,0.500632405281
0.209050350542,0.826635145784,0.500555336475
0.209050350542,0.827029156816,0.50047981739
0.209528362014,0.827029156816,0.499996244907
0.209528362014,0.827423167849,0.499938845634
0.210006373486,0.827423167849,0.499858051538
0.210006373486,0.827817178881,0.499849796295
0.210484384959,0.827817178881,0.499674171209
0.210484384959,0.828211189913,0.499610602856
0.211281070746,0.828211189913,0.499324887991
0.211281070746,0.828605200946,0.49931371212
0.211599745061,0.828605200946,0.499213635921
0.211599745061,0.82939322301,0.49915677309
0.212077756533,0.82939322301,0.498979985714
0.212077756533,0.829787234043,0.498962402344
0.212555768005,0.829787234043,0.498824864626
0.212555768005,0.830181245075,0.498731017113
0.21287444232,0.830181245075,0.498693794012
0.21287444232,0.830575256107,0.498645454645
0.213193116635,0.830575256107,0.498553782701
0.213193116635,0.830969267139,0.498405188322
0.214308476737,0.830969267139,0.49790123105
0.214308476737,0.831363278172,0.497878998518
0.214945825366,0.831363278172,0.497622698545
0.214945825366,0.832151300236,0.497522294521
0.215583173996,0.832151300236,0.497237414122
0.215583173996,0.832545311269,0.496875971556
0.216539196941,0.832545311269,0.496592074633
0.216539196941,0.832939322301,0.496531635523
0.218769917145,0.832939322301,0.496003419161
0.218769917145,0.833333333333,0.495891749859
0.21908859146,0.833333333333,0.495780080557
0.21908859146,0.833727344366,0.49577498436
0.220044614404,0.833727344366,0.495531797409
0.220044614404,0.834121355398,0.495521724224
0.220522625876,0.834121355398,0.495250195265
0.220522625876,0.834909377463,0.495225101709
0.220681963034,0.834909377463,0.495117485523
0.220681963034,0.835697399527,0.494968533516
0.221159974506,0.835697399527,0.494862616062
0.221159974506,0.836879432624,0.494729399681
0.221637985978,0.836879432624,0.494704842567
0.221637985978,0.837273443656,0.494666725397
0.221956660293,0.837273443656,0.494644224644
0.221956660293,0.837667454689,0.494582086802
0.222594008923,0.837667454689,0.494268476963
0.222594008923,0.838061465721,0.494243204594
0.222912683238,0.838061465721,0.494188457727
0.222912683238,0.838455476753,0.494165301323
0.223072020395,0.838455476753,0.494143992662
0.223072020395,0.838849487786,0.494110226631
0.223231357553,0.838849487786,0.49401512742
0.223231357553,0.839243498818,0.493673920631
0.223868706182,0.839243498818,0.493361979723
0.223868706182,0.83963750985,0.493348151445
0.224187380497,0.83963750985,0.493145734072
0.224187380497,0.840031520883,0.493086129427
0.224346717655,0.840031520883,0.493059575558
0.224346717655,0.840819542947,0.492983072996
0.225940089229,0.840819542947,0.492395550013
0.225940089229,0.84121355398,0.492339253426
0.226418100701,0.84121355398,0.49224576354
0.226418100701,0.841607565012,0.492219299078
0.226736775016,0.841607565012,0.492131114006
0.226736775016,0.842001576044,0.492098361254
0.229286169535,0.842001576044,0.491061657667
0.229286169535,0.842395587076,0.49102756381
0.229764181007,0.842395587076,0.490983128548
0.229764181007,0.842789598109,0.490885674953
0.230560866794,0.842789598109,0.490642428398
0.230560866794,0.843577620173,0.490441054106
0.230720203952,0.843577620173,0.490311384201
0.230720203952,0.844365642238,0.490103244781
0.231357552581,0.844365642238,0.489516884089
0.231357552581,0.84475965327,0.489497214556
0.231994901211,0.84475965327,0.489341318607
0.231994901211,0.845547675335,0.489182770252
0.232313575526,0.845547675335,0.489059329033
0.232313575526,0.845941686367,0.48900449276
0.234066284257,0.845941686367,0.488567709923
0.234066284257,0.8463356974,0.488527655602
0.235659655832,0.8463356974,0.488094806671
0.235659655832,0.846729708432,0.488094002008
0.237890376036,0.846729708432,0.487483710051
0.237890376036,0.847123719464,0.487401127815
0.23884639898,0.847123719464,0.486972808838
0.23884639898,0.847517730496,0.486859738827
0.23948374761,0.847517730496,0.48662763834
0.23948374761,0.848305752561,0.486503571272
0.239961759082,0.848305752561,0.48630207777
0.239961759082,0.848699763593,0.485787570477
0.241555130656,0.848699763593,0.485340297222
0.241555130656,0.849487785658,0.485247313976
0.241873804971,0.849487785658,0.485154479742
0.241873804971,0.84988179669,0.48512005806
0.242192479286,0.84988179669,0.48504024744
0.242192479286,0.850275807723,0.484963625669
0.242351816444,0.850275807723,0.484962612391
0.242351816444,0.850669818755,0.484918117523
0.242511153601,0.850669818755,0.484713107347
0.242511153601,0.851063829787,0.484625756741
0.242670490758,0.851063829787,0.484457880259
0.242670490758,0.85145784082,0.484438568354
0.244263862333,0.85145784082,0.484010785818
0.244263862333,0.851851851852,0.483937650919
0.245857233907,0.851851851852,0.483572423458
0.245857233907,0.852245862884,0.483562588692
0.246175908222,0.852245862884,0.483482003212
0.246175908222,0.852639873916,0.483454018831
0.246653919694,0.852639873916,0.483313292265
0.246653919694,0.853033884949,0.48328050971
0.247769279796,0.853033884949,0.482884734869
0.247769279796,0.853427895981,0.482868731022
0.248087954111,0.853427895981,0.482753515244
0.248087954111,0.853821907013,0.482698231936
0.248406628426,0.853821907013,0.482667952776
0.248406628426,0.854215918046,0.482598483562
0.249521988528,0.854215918046,0.482206791639
0.249521988528,0.854609929078,0.482203125954
0.250159337157,0.854609929078,0.482068181038
0.250159337157,0.855397951143,0.481952339411
0.250956022945,0.855397951143,0.481298744678
0.250956022945,0.855791962175,0.481234580278
0.251434034417,0.855791962175,0.481104969978
0.251434034417,0.85657998424,0.481059938669
0.253505417463,0.85657998424,0.480431467295
0.253505417463,0.856973995272,0.480409651995
0.253824091778,0.856973995272,0.480354696512
0.253824091778,0.857368006304,0.480352431536
0.254461440408,0.857368006304,0.480155676603
0.254461440408,0.858156028369,0.480017989874
0.255736137667,0.858156028369,0.479563772678
0.255736137667,0.858550039401,0.479162067175
0.255895474825,0.858550039401,0.479159444571
0.255895474825,0.858944050433,0.479134708643
0.257329509242,0.858944050433,0.478641718626
0.257329509242,0.859338061466,0.478600770235
0.257807520714,0.859338061466,0.478481084108
0.257807520714,0.859732072498,0.478423774242
0.259400892288,0.859732072498,0.4774928689
0.259400892288,0.86012608353,0.477488517761
0.259719566603,0.86012608353,0.477401077747
0.259719566603,0.860520094563,0.477383941412
0.26051625239,0.860520094563,0.477177083492
0.26051625239,0.860914105595,0.4771720469
0.261472275335,0.860914105595,0.476896643639
0.261472275335,0.861308116627,0.476847350597
0.261950286807,0.861308116627,0.476648747921
0.261950286807,0.86170212766,0.476485639811
0.263702995539,0.86170212766,0.475936591625
0.263702995539,0.862096138692,0.475770324469
0.264181007011,0.862096138692,0.475632458925
0.264181007011,0.862490149724,0.475616782904
0.264499681326,0.862490149724,0.47559440136
0.264499681326,0.862884160757,0.475561052561
0.264818355641,0.862884160757,0.4753254354
0.264818355641,0.863278171789,0.475206196308
0.264977692798,0.863278171789,0.475151240826
0.264977692798,0.864066193853,0.474787920713
0.26673040153,0.864066193853,0.474335700274
0.26673040153,0.864460204886,0.474290341139
0.267208413002,0.864460204886,0.473782449961
0.267208413002,0.865642237983,0.473706781864
0.267367750159,0.865642237983,0.473598450422
0.267367750159,0.866430260047,0.473168730736
0.268005098789,0.866430260047,0.472951799631
0.268005098789,0.867218282112,0.472803801298
0.269279796048,0.867218282112,0.472518742085
0.269279796048,0.868006304177,0.472289294004
0.27039515615,0.868006304177,0.471989601851
0.27039515615,0.868400315209,0.471975207329
0.271191841938,0.868400315209,0.471799582243
0.271191841938,0.868794326241,0.471798956394
0.272147864882,0.868794326241,0.47167044878
0.272147864882,0.869188337273,0.471637994051
0.273263224984,0.869188337273,0.471136391163
0.273263224984,0.869976359338,0.471055448055
0.273900573614,0.869976359338,0.470714658499
0.273900573614,0.87037037037,0.470704108477
0.274219247929,0.87037037037,0.470533430576
0.274219247929,0.870764381403,0.470526456833
0.274378585086,0.870764381403,0.470449626446
0.274378585086,0.871158392435,0.470362573862
0.275015933716,0.871158392435,0.470239281654
0.275015933716,0.871552403467,0.470219343901
0.275493945188,0.871552403467,0.470060169697
0.275493945188,0.8719464145,0.470036387444
0.279955385596,0.8719464145,0.468621939421
0.279955385596,0.872340425532,0.468610942364
0.281708094328,0.872340425532,0.468225806952
0.281708094328,0.872734436564,0.468211531639
0.2821861058,0.872734436564,0.468051820993
0.2821861058,0.873128447597,0.468028843403
0.282982791587,0.873128447597,0.467909991741
0.282982791587,0.873522458629,0.467861831188
0.283142128744,0.873522458629,0.467809677124
0.283142128744,0.873916469661,0.467701494694
0.283460803059,0.873916469661,0.467664152384
0.283460803059,0.874704491726,0.467602938414
0.283620140217,0.874704491726,0.467583984137
0.283620140217,0.875098502758,0.467410564423
0.283779477374,0.875098502758,0.467391610146
0.283779477374,0.875886524823,0.467315167189
0.284098151689,0.875886524823,0.467227607965
0.284098151689,0.876280535855,0.467211574316
0.284257488846,0.876280535855,0.467184334993
0.284257488846,0.876674546887,0.46715348959
0.284894837476,0.876674546887,0.466800302267
0.284894837476,0.87706855792,0.466789990664
0.285372848948,0.87706855792,0.466724723577
0.285372848948,0.877462568952,0.466620475054
0.285532186106,0.877462568952,0.466327160597
0.285532186106,0.877856579984,0.466318547726
0.286647546208,0.877856579984,0.465820938349
0.286647546208,0.878250591017,0.465797990561
0.287284894837,0.878250591017,0.465497642756
0.287284894837,0.878644602049,0.465401560068
0.289196940727,0.878644602049,0.464982390404
0.289196940727,0.880220646178,0.46476110816
0.291427660931,0.880220646178,0.463555186987
0.291427660931,0.88061465721,0.463532954454
0.292224346718,0.88061465721,0.463279724121
0.292224346718,0.881008668243,0.463254153728
0.294773741236,0.881008668243,0.462228864431
0.294773741236,0.881402679275,0.462117195129
0.294933078394,0.881402679275,0.462108880281
0.294933078394,0.881796690307,0.46210694313
0.295570427024,0.881796690307,0.461887151003
0.295570427024,0.882584712372,0.461868047714
0.297323135755,0.882584712372,0.461402118206
0.297323135755,0.882978723404,0.461377412081
0.297482472913,0.882978723404,0.461333811283
0.297482472913,0.883372734437,0.461297482252
0.29764181007,0.883372734437,0.461282372475
0.29764181007,0.883766745469,0.461272835732
0.298438495857,0.883766745469,0.460959434509
0.298438495857,0.884160756501,0.460940599442
0.300191204589,0.884160756501,0.460076004267
0.300191204589,0.884554767533,0.460050672293
0.301147227533,0.884554767533,0.459663003683
0.301147227533,0.884948778566,0.459651619196
0.301625239006,0.884948778566,0.459502726793
0.301625239006,0.885342789598,0.459365874529
0.301784576163,0.885342789598,0.459345817566
0.301784576163,0.886130811663,0.459200680256
0.301943913321,0.886130811663,0.459192335606
0.301943913321,0.886524822695,0.459167391062
0.30385595921,0.886524822695,0.458775132895
0.30385595921,0.88731284476,0.45873939991
0.305130656469,0.88731284476,0.458456218243
0.305130656469,0.887706855792,0.458455264568
0.306564690886,0.887706855792,0.458068162203
0.306564690886,0.888888888889,0.457912057638
0.307202039516,0.888888888889,0.457770854235
0.307202039516,0.889282899921,0.457766503096
0.307998725303,0.889282899921,0.457609087229
0.307998725303,0.890070921986,0.457397043705
0.30879541109,0.890070921986,0.457159548998
0.30879541109,0.89085894405,0.457157701254
0.30879541109,0.891252955083,0.457113653421
0.309114085405,0.891252955083,0.457103848457
0.309114085405,0.891646966115,0.457064300776
0.309592096877,0.891646966115,0.456892073154
0.309592096877,0.892040977147,0.456890374422
0.309751434034,0.892040977147,0.456888496876
0.309751434034,0.89243498818,0.456825494766
0.309910771192,0.89243498818,0.456814557314
0.309910771192,0.892828999212,0.456730395555
0.310070108349,0.892828999212,0.45672634244
0.310070108349,0.893223010244,0.456721276045
0.311185468451,0.893223010244,0.456347882748
0.311185468451,0.893617021277,0.456318199635
0.312619502868,0.893617021277,0.455795496702
0.312619502868,0.894405043341,0.455612540245
0.312938177183,0.894405043341,0.455512911081
0.312938177183,0.894799054374,0.455511599779
0.313256851498,0.894799054374,0.455440044403
0.313256851498,0.895193065406,0.455369532108
0.316602931804,0.895193065406,0.454057842493
0.316602931804,0.895587076438,0.453879356384
0.316762268961,0.895587076438,0.453818202019
0.316762268961,0.89598108747,0.453730911016
0.316921606119,0.89598108747,0.453696370125
0.316921606119,0.896375098503,0.453650325537
0.318036966221,0.896375098503,0.453346133232
0.318036966221,0.896769109535,0.453328967094
0.318833652008,0.896769109535,0.452922582626
0.318833652008,0.897163120567,0.452918916941
0.322020395156,0.897163120567,0.45189255476
0.322020395156,0.897951142632,0.451818168163
0.323454429573,0.897951142632,0.451311945915
0.323454429573,0.898345153664,0.451288968325
0.326163161249,0.898345153664,0.450290679932
0.326163161249,0.898739164697,0.450164377689
0.328075207138,0.898739164697,0.449647724628
0.328075207138,0.899133175729,0.449645459652
0.330305927342,0.899133175729,0.448969244957
0.330305927342,0.900315208826,0.448816716671
0.331102613129,0.900315208826,0.448609918356
0.331102613129,0.900709219858,0.448608636856
0.331261950287,0.900709219858,0.4485424757
0.331261950287,0.90110323089,0.448533385992
0.332536647546,0.90110323089,0.448236018419
0.332536647546,0.902285263987,0.448099911213
0.334608030593,0.902285263987,0.447473555803
0.334608030593,0.90267927502,0.447473287582
0.335245379222,0.90267927502,0.447292149067
0.335245379222,0.903073286052,0.447253584862
0.335723390695,0.903073286052,0.446931809187
0.335723390695,0.903467297084,0.446832388639
0.338432122371,0.903467297084,0.44594219327
0.338432122371,0.903861308117,0.445903688669
0.34034416826,0.903861308117,0.44525501132
0.34034416826,0.904255319149,0.445252031088
0.342734225621,0.904255319149,0.444544583559
0.342734225621,0.904649330181,0.444537818432
0.343371574251,0.904649330181,0.444065362215
0.343371574251,0.905043341214,0.443898826838
0.347673677502,0.905043341214,0.442549824715
0.347673677502,0.905437352246,0.442433595657
0.348470363289,0.905437352246,0.442248851061
0.348470363289,0.90622537431,0.442108631134
0.348789037604,0.90622537431,0.441980987787
0.348789037604,0.907013396375,0.441877782345
0.348948374761,0.907013396375,0.441826879978
0.348948374761,0.90780141844,0.441805750132
0.350541746335,0.90780141844,0.441167503595
0.350541746335,0.908195429472,0.441126912832
0.351975780752,0.908195429472,0.440912902355
0.351975780752,0.908983451537,0.440791606903
0.353250478011,0.908983451537,0.44059240818
0.353250478011,0.910165484634,0.440452635288
0.356915232632,0.910165484634,0.439331561327
0.356915232632,0.910559495666,0.439299464226
0.358986615679,0.910559495666,0.438780337572
0.358986615679,0.910953506698,0.438743770123
0.359783301466,0.910953506698,0.438474029303
0.359783301466,0.91134751773,0.438456565142
0.3626513703,0.91134751773,0.436626553535
0.3626513703,0.911741528763,0.436613321304
0.362810707457,0.911741528763,0.436596870422
0.362810707457,0.912135539795,0.436446487904
0.363129381772,0.912135539795,0.436274439096
0.363129381772,0.912529550827,0.436251103878
0.364085404716,0.912529550827,0.435987561941
0.364085404716,0.91292356186,0.435922563076
0.36631612492,0.91292356186,0.434677392244
0.36631612492,0.913317572892,0.434612601995
0.366794136393,0.913317572892,0.434285491705
0.366794136393,0.913711583924,0.434267491102
0.369821542384,0.913711583924,0.43330436945
0.370140216699,0.913711583924,0.433241724968
0.370458891013,0.913711583924,0.433205008507
0.370458891013,0.914105594957,0.433187127113
0.370936902486,0.914105594957,0.432856291533
0.370936902486,0.914499605989,0.432790547609
0.371255576801,0.914499605989,0.432744294405
0.371255576801,0.915287628054,0.432660698891
0.37189292543,0.915287628054,0.432432025671
0.37189292543,0.915681639086,0.432387143373
0.373008285532,0.915681639086,0.432093322277
0.373008285532,0.916075650118,0.432046860456
0.373486297004,0.916075650118,0.431956410408
0.373486297004,0.916469661151,0.431942522526
0.373964308477,0.916469661151,0.431796222925
0.373964308477,0.916863672183,0.431747555733
0.374601657106,0.916863672183,0.431617498398
0.374601657106,0.917651694247,0.431571096182
0.375079668579,0.917651694247,0.431445121765
0.375079668579,0.91804570528,0.431408375502
0.375239005736,0.91804570528,0.431395232677
0.375239005736,0.918439716312,0.431301534176
0.378903760357,0.918439716312,0.430084615946
0.378903760357,0.918833727344,0.430063903332
0.379222434672,0.918833727344,0.429982155561
0.379222434672,0.919227738377,0.429963380098
0.380178457616,0.919227738377,0.429532915354
0.380178457616,0.919621749409,0.429519385099
0.381293817718,0.919621749409,0.429153561592
0.381293817718,0.920015760441,0.429144084454
0.381453154876,0.920015760441,0.429127246141
0.381453154876,0.920409771474,0.429114937782
0.386551943913,0.920409771474,0.427224248648
0.386551943913,0.920803782506,0.427209496498
0.387029955386,0.920803782506,0.426865637302
0.387029955386,0.921197793538,0.426810473204
0.387667304015,0.921197793538,0.426683932543
0.387667304015,0.921591804571,0.426671802998
0.390057361377,0.921591804571,0.425844609737
0.390057361377,0.921985815603,0.425834953785
0.390216698534,0.921985815603,0.42578920722
0.390216698534,0.922379826635,0.425588577986
0.392766093053,0.922379826635,0.424932926893
0.392766093053,0.922773837667,0.424842476845
0.39292543021,0.922773837667,0.42483368516
0.39292543021,0.9231678487,0.424750238657
0.394996813257,0.9231678487,0.423796355724
0.394996813257,0.923561859732,0.423793166876
0.395634161887,0.923561859732,0.423714280128
0.395634161887,0.923955870764,0.423673629761
0.396430847674,0.923955870764,0.42345097661
0.396430847674,0.924349881797,0.423410832882
0.398024219248,0.924349881797,0.42281472683
0.398024219248,0.924743892829,0.422729730606
0.39977692798,0.924743892829,0.422089487314
0.39977692798,0.925137903861,0.422084003687
0.404397705545,0.925137903861,0.420061767101
0.404397705545,0.925531914894,0.420055955648
0.406309751434,0.925531914894,0.419567137957
0.406309751434,0.926319936958,0.41954728961
0.40965583174,0.926319936958,0.418528228998
0.40965583174,0.926713947991,0.418477535248
0.412842574888,0.926713947991,0.417812883854
0.412842574888,0.927107959023,0.417800545692
0.413161249203,0.927107959023,0.417766839266
0.413161249203,0.927501970055,0.417757362127
0.41523263225,0.927501970055,0.417075186968
0.41523263225,0.927895981087,0.417016208172
0.416666666667,0.927895981087,0.416357815266
0.416666666667,0.92828999212,0.416308909655
0.421924792862,0.92828999212,0.414478838444
0.421924792862,0.928684003152,0.414459705353
0.422084130019,0.928684003152,0.414440780878
0.422084130019,0.929078014184,0.414389103651
0.422562141491,0.929078014184,0.414323300123
0.422562141491,0.929472025217,0.414249777794
0.422721478649,0.929472025217,0.414208650589
0.422721478649,0.929866036249,0.414199978113
0.424792861695,0.929866036249,0.4134798944
0.424792861695,0.930260047281,0.413348078728
0.426067558955,0.930260047281,0.41300585866
0.426067558955,0.930654058314,0.412971377373
0.427660930529,0.930654058314,0.41247677803
0.427660930529,0.931442080378,0.412432581186
0.429413639261,0.931442080378,0.411658644676
0.429413639261,0.931836091411,0.411653131247
0.43005098789,0.931836091411,0.41158080101
0.43005098789,0.932230102443,0.411463439465
0.431803696622,0.932230102443,0.410860598087
0.431803696622,0.932624113475,0.41078466177
0.432122370937,0.932624113475,0.41072961688
0.432122370937,0.933018124507,0.410620063543
0.433237731039,0.933018124507,0.410122334957
0.433237731039,0.93341213554,0.410111278296
0.434990439771,0.93341213554,0.409552097321
0.434990439771,0.933806146572,0.409537404776
0.441523263225,0.933806146572,0.407483249903
0.441523263225,0.934200157604,0.407421857119
0.442638623327,0.934200157604,0.406999886036
0.442638623327,0.934594168637,0.406818985939
0.448852772467,0.934594168637,0.404737621546
0.448852772467,0.934988179669,0.404710233212
0.451561504143,0.934988179669,0.403577327728
0.451561504143,0.935382190701,0.403567254543
0.45299553856,0.935382190701,0.40329426527
0.45299553856,0.935776201734,0.403262406588
0.453792224347,0.935776201734,0.403056383133
0.453792224347,0.936170212766,0.403021991253
0.455066921606,0.936170212766,0.402504295111
0.455066921606,0.936564223798,0.40248811245
0.458891013384,0.936564223798,0.401437938213
0.458891013384,0.936958234831,0.401429116726
0.461759082218,0.936958234831,0.400732755661
0.461759082218,0.937352245863,0.400718003511
0.46223709369,0.937352245863,0.400259107351
0.46223709369,0.937746256895,0.40025216341
0.465423836839,0.937746256895,0.399149179459
0.465423836839,0.938140267928,0.39909774065
0.466539196941,0.938140267928,0.398659914732
0.466539196941,0.93853427896,0.398633152246
0.46717654557,0.93853427896,0.398395657539
0.46717654557,0.938928289992,0.398368120193
0.468610579987,0.938928289992,0.397934019566
0.468610579987,0.939322301024,0.397719800472
0.469885277247,0.939322301024,0.397344857454
0.469885277247,0.939716312057,0.397269785404
0.471319311663,0.939716312057,0.396680444479
0.471319311663,0.940110323089,0.396670490503
0.474346717655,0.940110323089,0.395731389523
0.474346717655,0.940504334121,0.395665585995
0.474984066284,0.940504334121,0.395519554615
0.475302740599,0.940504334121,0.395511984825
0.478011472275,0.940504334121,0.394523710012
0.478011472275,0.940898345154,0.394516348839
0.47833014659,0.940898345154,0.39442846179
0.47833014659,0.941292356186,0.394406497478
0.480720203952,0.941292356186,0.394083350897
0.480720203952,0.941686367218,0.394061744213
0.482791586998,0.941686367218,0.39317253232
0.482791586998,0.942080378251,0.393130898476
0.485978330147,0.942080378251,0.391801208258
0.485978330147,0.942474389283,0.391777336597
0.486456341619,0.942474389283,0.391654193401
0.486456341619,0.942868400315,0.391590237617
0.488049713193,0.942868400315,0.391258835793
0.488049713193,0.943262411348,0.391209036112
0.488687061823,0.943262411348,0.391058057547
0.488687061823,0.94365642238,0.391012191772
0.489643084767,0.94365642238,0.390739500523
0.489643084767,0.944050433412,0.390733748674
0.491077119184,0.944050433412,0.390281677246
0.491077119184,0.944444444444,0.390276253223
0.492192479286,0.944444444444,0.390044093132
0.492192479286,0.944838455477,0.389947861433
0.49378585086,0.944838455477,0.38954693079
0.49378585086,0.945232466509,0.38950240612
0.49506054812,0.945232466509,0.388921588659
0.49506054812,0.945626477541,0.388820677996
0.496494582537,0.945626477541,0.388564497232
0.496494582537,0.947202521671,0.388439387083
0.499521988528,0.947202521671,0.387543201447
0.499521988528,0.947596532703,0.387542486191
0.502549394519,0.947596532703,0.386642634869
0.502549394519,0.947990543735,0.386524766684
0.503186743149,0.947990543735,0.38624972105
0.503186743149,0.948384554768,0.386203378439
0.503346080306,0.948384554768,0.386168122292
0.503346080306,0.9487785658,0.385943859816
0.507966857871,0.9487785658,0.384402066469
0.507966857871,0.949172576832,0.384336531162
0.513702995539,0.949172576832,0.382719129324
0.513702995539,0.949566587864,0.382697403431
0.514340344168,0.949566587864,0.382363259792
0.514340344168,0.950354609929,0.382306933403
0.516252390057,0.950354609929,0.381798028946
0.516252390057,0.950748620961,0.381767034531
0.517527087317,0.950748620961,0.381284356117
0.517527087317,0.951142631994,0.381222724915
0.518005098789,0.951142631994,0.381125807762
0.518005098789,0.951930654058,0.381044477224
0.518801784576,0.951930654058,0.380786567926
0.518801784576,0.952718676123,0.380539774895
0.523581899299,0.952718676123,0.379046887159
0.523581899299,0.953112687155,0.379002869129
0.524697259401,0.953112687155,0.378650486469
0.524697259401,0.953506698188,0.378619283438
0.526768642447,0.953506698188,0.377956807613
0.526768642447,0.95390070922,0.377920776606
0.52724665392,0.95390070922,0.37767291069
0.52724665392,0.954294720252,0.377654016018
0.530114722753,0.954294720252,0.376734286547
0.530114722753,0.954688731284,0.376714855433
0.5321861058,0.954688731284,0.375915884972
0.5321861058,0.955082742317,0.375860333443
0.534735500319,0.955082742317,0.374940216541
0.534735500319,0.955476753349,0.374859720469
0.543658381134,0.955476753349,0.372108459473
0.543658381134,0.955870764381,0.372100621462
0.545092415551,0.955870764381,0.371451944113
0.545092415551,0.956264775414,0.371448665857
0.545411089866,0.956264775414,0.371439486742
0.547482472913,0.956264775414,0.371123999357
0.547482472913,0.956658786446,0.37112274766
0.547801147228,0.956658786446,0.371077209711
0.547801147228,0.957446808511,0.370983183384
0.549394518802,0.957446808511,0.370602488518
0.549394518802,0.957840819543,0.370602250099
0.549553855959,0.957840819543,0.370480120182
0.549553855959,0.958234830575,0.370427906513
0.552262587635,0.958234830575,0.369728982449
0.552262587635,0.958628841608,0.369710147381
0.555289993627,0.958628841608,0.369021743536
0.555289993627,0.95902285264,0.36902064085
0.562300828553,0.95902285264,0.366954267025
0.562300828553,0.959416863672,0.366944074631
0.563894200127,0.959416863672,0.366496890783
0.563894200127,0.959810874704,0.366468518972
0.565965583174,0.959810874704,0.365795433521
0.565965583174,0.960204885737,0.36577680707
0.566124920331,0.960204885737,0.365774810314
0.566124920331,0.960598896769,0.365663677454
0.56867431485,0.960598896769,0.364833056927
0.56867431485,0.960992907801,0.364774793386
0.570427023582,0.960992907801,0.364424467087
0.570427023582,0.961386918834,0.364417076111
0.573454429573,0.961386918834,0.363431751728
0.573454429573,0.961780929866,0.363430947065
0.573932441045,0.961780929866,0.363103300333
0.573932441045,0.962174940898,0.363086074591
0.576800509879,0.962174940898,0.362170577049
0.576800509879,0.962568951931,0.362160623074
0.577119184194,0.962568951931,0.362147331238
0.577119184194,0.962962962963,0.361938297749
0.579668578713,0.962962962963,0.361225575209
0.579668578713,0.963356973995,0.36114808917
0.583652007648,0.963356973995,0.359848916531
0.583652007648,0.963750985028,0.359762072563
0.592256214149,0.963750985028,0.357421040535
0.592256214149,0.96414499606,0.35741776228
0.594327597196,0.96414499606,0.357208877802
0.594327597196,0.964539007092,0.357078075409
0.596717654557,0.964539007092,0.356301933527
0.596717654557,0.964933018125,0.356268078089
0.598311026131,0.964933018125,0.355756342411
0.598311026131,0.965327029157,0.355751037598
0.601657106437,0.965327029157,0.35446485877
0.601657106437,0.965721040189,0.354373931885
0.604684512428,0.965721040189,0.353415727615
0.604684512428,0.966115051221,0.353342652321
0.605321861058,0.966115051221,0.353237748146
0.605321861058,0.966509062254,0.353192418814
0.605640535373,0.966509062254,0.352775424719
0.605640535373,0.966903073286,0.352724254131
0.60707456979,0.966903073286,0.352177679539
0.60707456979,0.967297084318,0.351996451616
0.607233906947,0.967297084318,0.351985424757
0.607233906947,0.967691095351,0.35186907649
0.607711918419,0.967691095351,0.35175666213
0.607711918419,0.968479117415,0.351708322763
0.608986615679,0.968479117415,0.35141518712
0.608986615679,0.968873128448,0.351338177919
0.610261312938,0.968873128448,0.35111412406
0.610261312938,0.96926713948,0.351096630096
0.612810707457,0.96926713948,0.35047981143
0.612810707457,0.970055161545,0.350437521935
0.621255576801,0.970055161545,0.348150551319
0.621255576801,0.970449172577,0.348146498203
0.625079668579,0.970449172577,0.346164375544
0.625079668579,0.970843183609,0.34604293108
0.631453154876,0.970843183609,0.344161719084
0.631453154876,0.971237194641,0.344136834145
0.63240917782,0.971237194641,0.343900442123
0.63240917782,0.971631205674,0.34383803606
0.634002549395,0.971631205674,0.343202471733
0.634002549395,0.972025216706,0.34319087863
0.638782664117,0.972025216706,0.341852217913
0.638782664117,0.972419227738,0.341734260321
0.640535372849,0.972419227738,0.341083526611
0.640535372849,0.972813238771,0.341075181961
0.642606755895,0.972813238771,0.340471804142
0.642606755895,0.973207249803,0.34045162797
0.647068196303,0.973207249803,0.338729470968
0.647068196303,0.973601260835,0.338665723801
0.651848311026,0.973601260835,0.336919277906
0.651848311026,0.973995271868,0.336786270142
0.652485659656,0.973995271868,0.336493372917
0.652485659656,0.9743892829,0.33641076088
0.657584448693,0.9743892829,0.334800630808
0.657584448693,0.974783293932,0.334503680468
0.659496494583,0.974783293932,0.334062218666
0.659496494583,0.975177304965,0.334012567997
0.659815168897,0.975177304965,0.333871871233
0.659815168897,0.975571315997,0.333858937025
0.674952198853,0.975571315997,0.328148663044
0.674952198853,0.975965327029,0.327934384346
0.676226896112,0.975965327029,0.327327519655
0.676226896112,0.976359338061,0.327301651239
0.677182919057,0.976359338061,0.327054083347
0.677182919057,0.976753349094,0.326962679625
0.679413639261,0.976753349094,0.326252907515
0.679413639261,0.977147360126,0.326067507267
0.683875079669,0.977147360126,0.324482917786
0.683875079669,0.977541371158,0.324386507273
0.689929891651,0.977541371158,0.322451144457
0.689929891651,0.978723404255,0.322203189135
0.698693435309,0.978723404255,0.319271624088
0.698693435309,0.979117415288,0.31926164031
0.699808795411,0.979117415288,0.319006830454
0.699808795411,0.97951142632,0.318906277418
0.700924155513,0.97951142632,0.318337976933
0.700924155513,0.979905437352,0.318324923515
0.701880178458,0.979905437352,0.318093061447
0.701880178458,0.980299448385,0.318090260029
0.705066921606,0.980299448385,0.316499918699
0.705066921606,0.980693459417,0.316341757774
0.708572339069,0.980693459417,0.315158754587
0.708572339069,0.981087470449,0.315155118704
0.709209687699,0.981087470449,0.315074026585
0.709209687699,0.981481481481,0.314950704575
0.714945825366,0.981481481481,0.313318878412
0.714945825366,0.981875492514,0.313306123018
0.721637985978,0.981875492514,0.310676723719
0.721637985978,0.982269503546,0.310657799244
0.722594008923,0.982269503546,0.310265660286
0.722594008923,0.982663514578,0.310052931309
0.724187380497,0.982663514578,0.309590399265
0.724187380497,0.983057525611,0.309572935104
0.725462077757,0.983057525611,0.308968603611
0.725462077757,0.983845547675,0.308851659298
0.72769279796,0.983845547675,0.307954788208
0.72769279796,0.984239558708,0.307923018932
0.728170809433,0.984239558708,0.307797640562
0.728170809433,0.98463356974,0.307780981064
0.735181644359,0.98463356974,0.305313825607
0.735181644359,0.985027580772,0.30521389842
0.740758444869,0.985027580772,0.303085952997
0.740758444869,0.985421591805,0.303058564663
0.740917782027,0.985421591805,0.303041487932
0.740917782027,0.985815602837,0.303022891283
0.74936265137,0.985815602837,0.300052493811
0.74936265137,0.986209613869,0.300041049719
0.751274697259,0.986209613869,0.299352407455
0.751274697259,0.986603624901,0.299264103174
0.756851497769,0.986603624901,0.296215236187
0.757170172084,0.986603624901,0.296172678471
0.757966857871,0.986603624901,0.295896947384
0.757966857871,0.986997635934,0.295800536871
0.766889738687,0.986997635934,0.292153179646
0.766889738687,0.987391646966,0.292146325111
0.769120458891,0.987391646966,0.291068166494
0.769120458891,0.987785657998,0.291012555361
0.772466539197,0.987785657998,0.289790809155
0.772466539197,0.988179669031,0.289776176214
0.77724665392,0.988179669031,0.287827700377
0.77724665392,0.988573680063,0.287716269493
0.777405991077,0.988573680063,0.287622958422
0.777405991077,0.988967691095,0.287518680096
0.779318036966,0.988967691095,0.28688532114
0.779318036966,0.989361702128,0.28684669733
0.779477374124,0.989361702128,0.286828070879
0.779477374124,0.98975571316,0.286821871996
0.793180369662,0.98975571316,0.282208234072
0.793180369662,0.990149724192,0.282185912132
0.795411089866,0.990149724192,0.281560391188
0.795411089866,0.990543735225,0.281527340412
0.795889101338,0.990543735225,0.281484365463
0.796207775653,0.990543735225,0.281365156174
0.797323135755,0.990543735225,0.281189829111
0.79764181007,0.990543735225,0.281117737293
0.798119821542,0.990543735225,0.280973553658
0.798438495857,0.990543735225,0.280808210373
0.80752071383,0.990543735225,0.277754157782
0.80752071383,0.990937746257,0.277671217918
0.813575525813,0.990937746257,0.275388240814
0.813575525813,0.991331757289,0.275276392698
0.816921606119,0.991331757289,0.273589134216
0.816921606119,0.991725768322,0.273579239845
0.818355640535,0.991725768322,0.272976011038
0.818355640535,0.992119779354,0.272943288088
0.826641172721,0.992119779354,0.269973218441
0.826641172721,0.992513790386,0.269670039415
0.829349904398,0.992513790386,0.268683761358
0.829668578713,0.992513790386,0.268574118614
0.833014659018,0.992513790386,0.266952753067
0.833333333333,0.992513790386,0.266930997372
0.84034416826,0.992513790386,0.264114767313
0.84034416826,0.992907801418,0.264015763998
0.840503505417,0.992907801418,0.263928383589
0.840503505417,0.993301812451,0.263864666224
0.842893562779,0.993301812451,0.263030678034
0.842893562779,0.993695823483,0.263013958931
0.843371574251,0.993695823483,0.262963950634
0.843371574251,0.994089834515,0.262695997953
0.849745060548,0.994089834515,0.259827315807
0.849745060548,0.994483845548,0.259817272425
0.851338432122,0.994483845548,0.258919268847
0.851338432122,0.99487785658,0.258858770132
0.882249840663,0.99487785658,0.243467316031
0.882249840663,0.995271867612,0.243244335055
0.885436583811,0.995271867612,0.24145065248
0.885436583811,0.995665878645,0.241355925798
0.899617590822,0.995665878645,0.234186723828
0.899617590822,0.996059889677,0.234157264233
0.916347992352,0.996059889677,0.226065382361
0.916347992352,0.996453900709,0.226008757949
0.917304015296,0.996453900709,0.225514277816
0.917622689611,0.996453900709,0.225418791175
0.920650095602,0.996453900709,0.224257305264
0.920650095602,0.996847911742,0.224190697074
0.925270873168,0.996847911742,0.220670610666
0.925270873168,0.997241922774,0.220650717616
0.92638623327,0.997241922774,0.220166161656
0.92638623327,0.997635933806,0.220156803727
0.939292543021,0.997635933806,0.209239050746
0.939292543021,0.998029944838,0.209190189838
0.954110898662,0.998029944838,0.194813281298
0.954110898662,0.998423955871,0.194786056876
0.955385595921,0.998423955871,0.193464666605
0.955385595921,0.998817966903,0.193433269858
0.961759082218,0.998817966903,0.185500189662
0.961759082218,0.999211977935,0.185488075018
0.96351179095,0.999211977935,0.183029696345
0.96351179095,0.999605988968,0.182774335146
0.98884639898,0.999605988968,0.14082840085
0.98884639898,1.0,0.140460968018
1.0,1.0,0.0575651563704
