0.0,0.000460617227084,0.975401043892
0.0,0.0313219714417,0.889381766319
0.000162495937602,0.0313219714417,0.888348460197
0.000162495937602,0.0631045601105,0.855059921741
0.000324991875203,0.0631045601105,0.854027628899
0.000324991875203,0.0677107323814,0.850164651871
0.000487487812805,0.0677107323814,0.85000872612
0.000487487812805,0.0773836941502,0.839330554008
0.000649983750406,0.0773836941502,0.839272379875
0.000649983750406,0.0787655458314,0.838986992836
0.000812479688008,0.0787655458314,0.838948369026
0.000812479688008,0.0829111008752,0.83653396368
0.000974975625609,0.0829111008752,0.836400926113
0.000974975625609,0.0852141870106,0.835091173649
0.00113747156321,0.0852141870106,0.834920227528
0.00113747156321,0.0976508521419,0.826115965843
0.00129996750081,0.0976508521419,0.826044142246
0.00129996750081,0.114233072317,0.816164433956
0.00146246343841,0.114233072317,0.816033303738
0.00146246343841,0.115154306771,0.81577372551
0.00162495937602,0.115154306771,0.815686643124
0.00162495937602,0.148318747121,0.796664297581
0.00178745531362,0.148318747121,0.796461880207
0.00178745531362,0.150161216029,0.795596957207
0.00194995125122,0.150161216029,0.795549333096
0.00194995125122,0.151082450484,0.79494446516
0.00211244718882,0.151082450484,0.794790446758
0.00211244718882,0.154306771073,0.793918430805
0.00227494312642,0.154306771073,0.793562054634
0.00227494312642,0.158912943344,0.791211307049
0.00243743906402,0.158912943344,0.791203200817
0.00243743906402,0.161676646707,0.788991212845
0.00259993500162,0.161676646707,0.788894891739
0.00259993500162,0.167204053432,0.78609675169
0.00276243093923,0.167204053432,0.786037147045
0.00276243093923,0.188853063105,0.77758795023
0.00292492687683,0.188853063105,0.777435600758
0.00292492687683,0.210502072778,0.76816123724
0.00308742281443,0.210502072778,0.768106460571
0.00308742281443,0.214647627821,0.766398370266
0.00324991875203,0.214647627821,0.766305446625
0.00324991875203,0.216950713957,0.765030562878
0.00341241468963,0.216950713957,0.764998674393
0.00341241468963,0.225241824044,0.761777877808
0.00357491062723,0.225241824044,0.761644303799
0.00357491062723,0.226163058498,0.761569201946
0.00373740656484,0.226163058498,0.761533915997
0.00373740656484,0.228005527407,0.761229455471
0.00406239844004,0.228005527407,0.761119127274
0.00406239844004,0.23215108245,0.759509921074
0.00422489437764,0.23215108245,0.759326219559
0.00422489437764,0.234914785813,0.758660852909
0.00438739031524,0.234914785813,0.757828772068
0.00438739031524,0.235836020267,0.757792830467
0.00454988625284,0.235836020267,0.75778478384
0.00454988625284,0.237217871948,0.75746768713
0.00471238219045,0.237217871948,0.757433235645
0.00471238219045,0.250115154307,0.753906011581
0.00487487812805,0.250115154307,0.753733456135
0.00487487812805,0.250575771534,0.75360429287
0.00503737406565,0.250575771534,0.753443658352
0.00503737406565,0.251497005988,0.753245234489
0.00519987000325,0.251497005988,0.752737820148
0.00519987000325,0.251957623215,0.752635538578
0.00552486187845,0.251957623215,0.752255380154
0.00552486187845,0.259327498848,0.749603569508
0.00568735781605,0.259327498848,0.749576747417
0.00568735781605,0.269461077844,0.746269643307
0.00584985375366,0.269461077844,0.746067643166
0.00584985375366,0.274067250115,0.744842290878
0.00617484562886,0.274067250115,0.744768917561
0.00617484562886,0.285122063565,0.742147624493
0.00633734156646,0.285122063565,0.742010176182
0.00633734156646,0.287425149701,0.74103307724
0.00649983750406,0.287425149701,0.740723669529
0.00649983750406,0.289728235836,0.739987850189
0.00666233344166,0.289728235836,0.739883482456
0.00666233344166,0.295716259788,0.738249540329
0.00682482937927,0.295716259788,0.738107383251
0.00682482937927,0.299401197605,0.736910760403
0.00698732531687,0.299401197605,0.736838579178
0.00698732531687,0.301243666513,0.736413002014
0.00731231719207,0.301243666513,0.735009431839
0.00731231719207,0.302164900967,0.734761178493
0.00747481312967,0.302164900967,0.734487056732
0.00747481312967,0.305849838784,0.733151257038
0.00779980500487,0.305849838784,0.733070194721
0.00779980500487,0.310456011055,0.732317864895
0.00796230094248,0.310456011055,0.732140123844
0.00796230094248,0.311377245509,0.731410086155
0.00812479688008,0.311377245509,0.731226742268
0.00812479688008,0.314140948871,0.730062127113
0.00828729281768,0.314140948871,0.729903459549
0.00828729281768,0.314601566099,0.729843258858
0.00844978875528,0.314601566099,0.729785203934
0.00844978875528,0.315062183326,0.729569971561
0.00861228469288,0.315062183326,0.729522109032
0.00861228469288,0.318747121142,0.728604078293
0.00877478063048,0.318747121142,0.728548526764
0.00877478063048,0.319207738369,0.728489398956
0.00893727656809,0.319207738369,0.728410124779
0.00893727656809,0.321510824505,0.727632582188
0.00909977250569,0.321510824505,0.727370858192
0.00909977250569,0.322892676186,0.727008163929
0.00926226844329,0.322892676186,0.72691577673
0.00926226844329,0.325195762322,0.726084113121
0.00942476438089,0.325195762322,0.725824594498
0.00942476438089,0.327959465684,0.725454747677
0.00958726031849,0.327959465684,0.72540396452
0.00958726031849,0.333026255182,0.724393248558
0.0099122521937,0.333026255182,0.724283874035
0.0099122521937,0.339474896361,0.723041653633
0.0100747481313,0.339474896361,0.7229783535
0.0100747481313,0.339935513588,0.722955942154
0.0102372440689,0.339935513588,0.722627162933
0.0102372440689,0.341777982497,0.722197413445
0.0103997400065,0.341777982497,0.722148239613
0.0103997400065,0.342699216951,0.721861124039
0.0107247318817,0.342699216951,0.721467494965
0.0107247318817,0.346844771994,0.720827877522
0.0108872278193,0.346844771994,0.720793128014
0.0108872278193,0.362045140488,0.716126203537
0.0112122196945,0.362045140488,0.716009318829
0.0112122196945,0.366190695532,0.714747130871
0.0113747156321,0.366190695532,0.714697241783
0.0113747156321,0.367572547213,0.713948369026
0.0116997075073,0.367572547213,0.713810443878
0.0116997075073,0.369415016122,0.713247716427
0.0118622034449,0.369415016122,0.713115572929
0.0118622034449,0.370336250576,0.7130163908
0.0120246993825,0.370336250576,0.712929368019
0.0120246993825,0.37125748503,0.712845027447
0.0123496912577,0.37125748503,0.71223294735
0.0123496912577,0.374942422847,0.709821045399
0.0125121871953,0.374942422847,0.709772467613
0.0125121871953,0.375863657301,0.709495007992
0.0126746831329,0.375863657301,0.709393084049
0.0126746831329,0.379548595117,0.708767831326
0.0128371790705,0.379548595117,0.708737552166
0.0128371790705,0.380009212345,0.70873516798
0.0129996750081,0.380009212345,0.708682954311
0.0129996750081,0.384154767388,0.707324981689
0.0131621709457,0.384154767388,0.707270383835
0.0131621709457,0.384615384615,0.707129657269
0.0133246668833,0.384615384615,0.707085549831
0.0133246668833,0.38553661907,0.706991612911
0.0136496587585,0.38553661907,0.706874012947
0.0136496587585,0.389682174113,0.705012857914
0.0138121546961,0.389682174113,0.704993903637
0.0138121546961,0.39014279134,0.704781830311
0.0139746506337,0.39014279134,0.704769313335
0.0139746506337,0.390603408567,0.704606771469
0.0144621384465,0.390603408567,0.703814566135
0.0144621384465,0.391064025795,0.703682303429
0.0146246343841,0.391064025795,0.703471362591
0.0146246343841,0.391524643022,0.703325510025
0.0147871303217,0.391524643022,0.703202545643
0.0147871303217,0.392906494703,0.702664494514
0.0149496262593,0.392906494703,0.702359735966
0.0149496262593,0.39336711193,0.702214837074
0.0151121221969,0.39336711193,0.702096283436
0.0151121221969,0.396130815292,0.70157790184
0.0154371140721,0.396130815292,0.701338350773
0.0154371140721,0.397052049747,0.701156079769
0.0155996100097,0.397052049747,0.700980603695
0.0155996100097,0.397973284201,0.70089673996
0.0157621059474,0.397973284201,0.700674772263
0.0157621059474,0.399355135882,0.700463473797
0.015924601885,0.399355135882,0.70044863224
0.015924601885,0.399815753109,0.700401723385
0.0160870978226,0.399815753109,0.700287163258
0.0160870978226,0.400276370336,0.700274467468
0.0162495937602,0.400276370336,0.700187385082
0.0162495937602,0.400736987563,0.700094401836
0.0164120896978,0.400736987563,0.700051367283
0.0164120896978,0.401658222018,0.699966430664
0.0165745856354,0.401658222018,0.699876844883
0.0165745856354,0.403040073699,0.699577450752
0.016737081573,0.403040073699,0.699506521225
0.016737081573,0.403500690926,0.699202060699
0.0168995775106,0.403500690926,0.69918346405
0.0168995775106,0.407185628743,0.697559177876
0.0170620734482,0.407185628743,0.697471141815
0.0170620734482,0.410870566559,0.696799814701
0.0173870653234,0.410870566559,0.69651901722
0.0173870653234,0.413634269922,0.695558965206
0.0177120571986,0.413634269922,0.69523704052
0.0177120571986,0.415016121603,0.694304764271
0.0178745531362,0.415016121603,0.694236934185
0.0178745531362,0.41547673883,0.694094419479
0.0180370490738,0.41547673883,0.693993031979
0.0180370490738,0.421464762782,0.692640602589
0.0181995450114,0.421464762782,0.692544698715
0.0181995450114,0.422846614463,0.692068874836
0.018362040949,0.422846614463,0.692038357258
0.018362040949,0.42653155228,0.690924882889
0.0186870328242,0.42653155228,0.690270662308
0.0186870328242,0.428834638415,0.68959915638
0.0188495287618,0.428834638415,0.689309239388
0.0188495287618,0.429295255643,0.689304530621
0.0190120246994,0.429295255643,0.689243495464
0.0190120246994,0.435283279595,0.68777525425
0.019174520637,0.435283279595,0.687753736973
0.019174520637,0.43758636573,0.687304496765
0.0193370165746,0.43758636573,0.687086760998
0.0193370165746,0.438507600184,0.686908066273
0.0194995125122,0.438507600184,0.686701714993
0.0194995125122,0.439428834638,0.686476349831
0.0196620084498,0.439428834638,0.686465024948
0.0196620084498,0.439889451865,0.686436712742
0.0198245043874,0.439889451865,0.686343789101
0.0198245043874,0.44081068632,0.68590426445
0.0201494962626,0.44081068632,0.685854375362
0.0201494962626,0.444035006909,0.685109019279
0.0203119922002,0.444035006909,0.684417724609
0.0203119922002,0.446338093045,0.684243619442
0.0204744881378,0.446338093045,0.683963119984
0.0204744881378,0.447719944726,0.683703005314
0.0206369840754,0.447719944726,0.683543562889
0.0206369840754,0.453247351451,0.681717276573
0.020799480013,0.453247351451,0.681684613228
0.020799480013,0.455550437586,0.680989742279
0.0211244718882,0.455550437586,0.680771350861
0.0211244718882,0.456011054813,0.680754244328
0.0214494637634,0.456011054813,0.68042242527
0.0214494637634,0.458314140949,0.67987549305
0.021611959701,0.458314140949,0.679835319519
0.021611959701,0.459235375403,0.679736435413
0.0217744556386,0.459235375403,0.679726183414
0.0217744556386,0.45969599263,0.679574012756
0.0219369515762,0.45969599263,0.679469943047
0.0219369515762,0.461077844311,0.679060816765
0.0220994475138,0.461077844311,0.67881077528
0.0220994475138,0.462459695993,0.67837369442
0.0222619434514,0.462459695993,0.678070247173
0.0222619434514,0.463380930447,0.677781701088
0.022424439389,0.463380930447,0.67775785923
0.022424439389,0.466605251036,0.677331745625
0.0225869353266,0.466605251036,0.677308857441
0.0225869353266,0.467065868263,0.677141606808
0.0227494312642,0.467065868263,0.676992714405
0.0227494312642,0.468908337172,0.676749706268
0.0230744231394,0.468908337172,0.6764742136
0.0230744231394,0.47075080608,0.676181972027
0.023236919077,0.47075080608,0.676126480103
0.023236919077,0.472593274988,0.675678670406
0.0233994150146,0.472593274988,0.675670742989
0.0233994150146,0.474435743897,0.675020992756
0.0235619109522,0.474435743897,0.674861609936
0.0235619109522,0.474896361124,0.674811959267
0.0238869028274,0.474896361124,0.67448168993
0.0238869028274,0.475356978351,0.674468576908
0.0243743906402,0.475356978351,0.674055635929
0.0243743906402,0.476278212805,0.673840820789
0.0246993825154,0.476278212805,0.673826694489
0.0246993825154,0.477660064486,0.673473119736
0.024861878453,0.477660064486,0.6734598279
0.024861878453,0.478581298941,0.673275232315
0.0250243743906,0.478581298941,0.673084497452
0.0250243743906,0.479041916168,0.67301183939
0.0251868703282,0.479041916168,0.672857522964
0.0251868703282,0.479502533395,0.672818303108
0.0253493662658,0.479502533395,0.672772467136
0.0253493662658,0.48180561953,0.672375142574
0.0255118622034,0.48180561953,0.672347187996
0.0255118622034,0.482726853984,0.672162234783
0.025674358141,0.482726853984,0.672058999538
0.025674358141,0.484569322893,0.671470284462
0.0258368540786,0.484569322893,0.671291470528
0.0258368540786,0.489175495164,0.670511603355
0.0259993500162,0.489175495164,0.670463263988
0.0259993500162,0.489636112391,0.670168697834
0.0264868378291,0.489636112391,0.669887900352
0.0264868378291,0.491017964072,0.669747948647
0.0266493337667,0.491017964072,0.669587612152
0.0266493337667,0.491478581299,0.669505953789
0.0269743256419,0.491478581299,0.669179618359
0.0269743256419,0.495163519116,0.668375313282
0.0271368215795,0.495163519116,0.668368279934
0.0271368215795,0.498387839705,0.66726744175
0.0272993175171,0.498387839705,0.667241811752
0.0272993175171,0.499769691386,0.666929543018
0.0274618134547,0.499769691386,0.666907846928
0.0274618134547,0.500690925841,0.66666841507
0.0276243093923,0.500690925841,0.666593253613
0.0276243093923,0.501612160295,0.666319131851
0.0281117972051,0.501612160295,0.665775835514
0.0281117972051,0.502994011976,0.665619492531
0.0282742931427,0.502994011976,0.665520250797
0.0282742931427,0.503454629203,0.665429055691
0.0284367890803,0.503454629203,0.66539722681
0.0284367890803,0.504375863657,0.665297329426
0.0285992850179,0.504375863657,0.665287017822
0.0285992850179,0.505757715339,0.664936423302
0.0287617809555,0.505757715339,0.664802908897
0.0287617809555,0.507600184247,0.664229333401
0.0289242768931,0.507600184247,0.664074003696
0.0289242768931,0.512206356518,0.663071811199
0.0290867728307,0.512206356518,0.663051843643
0.0290867728307,0.514509442653,0.662518620491
0.0292492687683,0.514509442653,0.6625046134
0.0292492687683,0.516812528789,0.662162899971
0.0294117647059,0.516812528789,0.662107050419
0.0294117647059,0.517733763243,0.661904215813
0.0295742606435,0.517733763243,0.661871612072
0.0295742606435,0.519576232151,0.661396563053
0.0300617484563,0.519576232151,0.660961031914
0.0300617484563,0.520497466605,0.660919964314
0.0305492362691,0.520497466605,0.660466432571
0.0305492362691,0.520958083832,0.660414397717
0.0308742281443,0.520958083832,0.660273909569
0.0308742281443,0.522339935514,0.659680485725
0.0310367240819,0.522339935514,0.659655153751
0.0310367240819,0.522800552741,0.659324407578
0.0313617159571,0.522800552741,0.659038603306
0.0313617159571,0.523261169968,0.658765494823
0.0315242118947,0.523261169968,0.658599793911
0.0315242118947,0.523721787195,0.658431708813
0.0316867078323,0.523721787195,0.658240735531
0.0316867078323,0.52602487333,0.657641530037
0.0318492037699,0.52602487333,0.657583117485
0.0318492037699,0.526485490557,0.657489955425
0.0321741956451,0.526485490557,0.65709233284
0.0321741956451,0.526946107784,0.657038211823
0.0326616834579,0.526946107784,0.656415581703
0.0326616834579,0.527406725012,0.656360208988
0.0328241793955,0.527406725012,0.656332373619
0.0328241793955,0.527867342239,0.656298875809
0.0329866753331,0.527867342239,0.656082808971
0.0329866753331,0.528788576693,0.656011283398
0.0331491712707,0.528788576693,0.655939698219
0.0331491712707,0.531552280055,0.654959380627
0.0333116672083,0.531552280055,0.654793679714
0.0333116672083,0.533394748964,0.654253184795
0.0334741631459,0.533394748964,0.654240548611
0.0334741631459,0.533855366191,0.654157459736
0.0336366590835,0.533855366191,0.654105126858
0.0336366590835,0.536158452326,0.653456091881
0.0339616509587,0.536158452326,0.653098642826
0.0339616509587,0.537540304007,0.652781307697
0.0342866428339,0.537540304007,0.652275085449
0.0342866428339,0.539843390143,0.65155762434
0.0344491387715,0.539843390143,0.651317477226
0.0344491387715,0.541685859051,0.651040136814
0.0346116347091,0.541685859051,0.650955140591
0.0346116347091,0.542607093505,0.650825858116
0.0354241143971,0.542607093505,0.650664746761
0.0354241143971,0.543528327959,0.650142073631
0.0355866103347,0.543528327959,0.649942517281
0.0355866103347,0.543988945187,0.649829924107
0.0357491062723,0.543988945187,0.649765133858
0.0357491062723,0.544449562414,0.64959526062
0.0360740981475,0.544449562414,0.649396300316
0.0360740981475,0.544910179641,0.649250209332
0.0362365940851,0.544910179641,0.648877978325
0.0362365940851,0.545831414095,0.64881259203
0.0365615859604,0.545831414095,0.648636758327
0.0365615859604,0.546752648549,0.648394823074
0.036724081898,0.546752648549,0.64822524786
0.036724081898,0.548595117457,0.647945284843
0.0368865778356,0.548595117457,0.647932827473
0.0368865778356,0.549516351912,0.647711336613
0.0370490737732,0.549516351912,0.647619307041
0.0370490737732,0.549976969139,0.647591531277
0.0372115697108,0.549976969139,0.647563755512
0.0372115697108,0.552740672501,0.646172165871
0.0373740656484,0.552740672501,0.645998060703
0.0373740656484,0.553661906955,0.645685970783
0.037536561586,0.553661906955,0.6456412673
0.037536561586,0.555504375864,0.645368158817
0.0376990575236,0.555504375864,0.645334124565
0.0376990575236,0.556886227545,0.644886910915
0.0378615534612,0.556886227545,0.64481139183
0.0378615534612,0.557807461999,0.644624650478
0.0380240493988,0.557807461999,0.64461606741
0.0380240493988,0.55918931368,0.644401669502
0.0381865453364,0.55918931368,0.644355237484
0.0381865453364,0.559649930907,0.644201815128
0.038349041274,0.559649930907,0.643934071064
0.038349041274,0.56241363427,0.643542826176
0.0388365290868,0.56241363427,0.643411457539
0.0388365290868,0.566098572087,0.64205956459
0.0389990250244,0.566098572087,0.642016410828
0.0389990250244,0.568401658222,0.641209185123
0.039161520962,0.568401658222,0.64118719101
0.039161520962,0.568862275449,0.641067326069
0.0393240168996,0.568862275449,0.640783071518
0.0393240168996,0.571625978812,0.640057325363
0.0394865128372,0.571625978812,0.640026926994
0.0394865128372,0.572547213266,0.639990508556
0.0398115047124,0.572547213266,0.639623939991
0.0398115047124,0.573007830493,0.639422178268
0.03997400065,0.573007830493,0.639223754406
0.03997400065,0.573929064947,0.639084875584
0.0402989925252,0.573929064947,0.638693273067
0.0402989925252,0.576232151082,0.638081729412
0.0404614884628,0.576232151082,0.637845933437
0.0404614884628,0.57669276831,0.637802898884
0.0406239844004,0.57669276831,0.637800216675
0.0406239844004,0.578074619991,0.637459993362
0.0409489762756,0.578074619991,0.637324333191
0.0409489762756,0.580377706126,0.636788606644
0.0411114722132,0.580377706126,0.636697888374
0.0411114722132,0.58129894058,0.636562526226
0.041598960026,0.58129894058,0.636150360107
0.041598960026,0.582220175035,0.636107206345
0.0417614559636,0.582220175035,0.635999023914
0.0417614559636,0.583602026716,0.635940730572
0.0422489437764,0.583602026716,0.635722696781
0.0422489437764,0.584062643943,0.635520219803
0.042411439714,0.584062643943,0.635378479958
0.042411439714,0.585905112851,0.634898781776
0.0427364315892,0.585905112851,0.634543716908
0.0427364315892,0.587286964532,0.634399235249
0.0428989275268,0.587286964532,0.634398639202
0.0428989275268,0.58774758176,0.634288609028
0.043223919402,0.58774758176,0.634123980999
0.043223919402,0.588208198987,0.634065508842
0.0435489112772,0.588208198987,0.633874416351
0.0435489112772,0.589129433441,0.63356333971
0.0437114072148,0.589129433441,0.633484303951
0.0437114072148,0.591893136803,0.633010745049
0.0438739031524,0.591893136803,0.632901787758
0.0438739031524,0.595117457393,0.632587254047
0.04403639909,0.595117457393,0.632389307022
0.04403639909,0.59557807462,0.632132947445
0.0445238869028,0.59557807462,0.631871581078
0.0445238869028,0.596499309074,0.631809055805
0.0450113747156,0.596499309074,0.631331145763
0.0450113747156,0.596959926301,0.630899906158
0.0451738706532,0.596959926301,0.630862236023
0.0451738706532,0.597881160755,0.630730986595
0.0453363665908,0.597881160755,0.630619525909
0.0453363665908,0.598341777982,0.630606710911
0.045661358466,0.598341777982,0.630400240421
0.045661358466,0.599723629664,0.629934430122
0.0459863503412,0.599723629664,0.629749774933
0.0459863503412,0.600184246891,0.629732072353
0.0461488462788,0.600184246891,0.629692196846
0.0461488462788,0.602487333026,0.629227757454
0.0463113422164,0.602487333026,0.62914454937
0.0463113422164,0.60340856748,0.628958880901
0.046473838154,0.60340856748,0.628725230694
0.046473838154,0.604329801935,0.6285110116
0.0467988300292,0.604329801935,0.628299415112
0.0467988300292,0.605251036389,0.628058791161
0.0471238219045,0.605251036389,0.627951323986
0.0471238219045,0.608475356978,0.627416908741
0.0474488137797,0.608475356978,0.627107083797
0.0474488137797,0.609396591433,0.626944959164
0.0476113097173,0.609396591433,0.626844108105
0.0476113097173,0.612620912022,0.626055836678
0.0480987975301,0.612620912022,0.625927805901
0.0480987975301,0.613081529249,0.625856280327
0.0482612934677,0.613081529249,0.625809311867
0.0482612934677,0.614923998158,0.625551939011
0.0484237894053,0.614923998158,0.625384271145
0.0484237894053,0.616305849839,0.625190556049
0.0485862853429,0.616305849839,0.625138998032
0.0485862853429,0.616766467066,0.625049412251
0.0487487812805,0.616766467066,0.624961316586
0.0487487812805,0.619990787655,0.62404948473
0.0489112772181,0.619990787655,0.624030053616
0.0489112772181,0.620451404883,0.623977065086
0.0490737731557,0.620451404883,0.623976767063
0.0490737731557,0.62091202211,0.6239361763
0.0492362690933,0.62091202211,0.623668551445
0.0492362690933,0.621372639337,0.623651444912
0.0495612609685,0.621372639337,0.62361395359
0.0495612609685,0.621833256564,0.623594045639
0.0498862528437,0.621833256564,0.623431444168
0.0498862528437,0.622293873791,0.623344838619
0.0500487487813,0.622293873791,0.623031556606
0.0500487487813,0.623215108245,0.622842311859
0.0502112447189,0.623215108245,0.622824728489
0.0502112447189,0.624596959926,0.62267267704
0.0503737406565,0.624596959926,0.622502267361
0.0503737406565,0.625057577153,0.622405946255
0.0505362365941,0.625057577153,0.62236392498
0.0505362365941,0.62551819438,0.622315883636
0.0506987325317,0.62551819438,0.62225651741
0.0506987325317,0.626900046062,0.622068464756
0.0511862203445,0.626900046062,0.621925771236
0.0511862203445,0.627821280516,0.621783792973
0.0521611959701,0.627821280516,0.62125146389
0.0521611959701,0.629663749424,0.621008694172
0.0526486837829,0.629663749424,0.620768487453
0.0526486837829,0.631045601105,0.62029248476
0.0528111797205,0.631045601105,0.62028747797
0.0528111797205,0.63196683556,0.619813859463
0.0529736756581,0.63196683556,0.619780600071
0.0529736756581,0.632427452787,0.619689464569
0.0536236594085,0.632427452787,0.619120538235
0.0536236594085,0.632888070014,0.619060635567
0.0539486512837,0.632888070014,0.618691802025
0.0539486512837,0.633348687241,0.61857509613
0.0541111472213,0.633348687241,0.618538677692
0.0541111472213,0.633809304468,0.618030369282
0.0545986350341,0.633809304468,0.61770683527
0.0545986350341,0.634730538922,0.617490470409
0.0550861228469,0.634730538922,0.617348849773
0.0550861228469,0.635651773376,0.617127776146
0.0552486187845,0.635651773376,0.617034971714
0.0552486187845,0.63657300783,0.616774320602
0.0554111147221,0.63657300783,0.616632580757
0.0554111147221,0.637033625058,0.616588056087
0.0557361065973,0.637033625058,0.61628818512
0.0557361065973,0.638415476739,0.615896224976
0.0558986025349,0.638415476739,0.615821480751
0.0558986025349,0.639336711193,0.615326225758
0.0560610984725,0.639336711193,0.615301549435
0.0560610984725,0.640257945647,0.61516648531
0.0562235944101,0.640257945647,0.615106403828
0.0562235944101,0.640718562874,0.615081310272
0.0567110822229,0.640718562874,0.614578783512
0.0567110822229,0.641179180101,0.614459753036
0.0571985700357,0.641179180101,0.614107310772
0.0571985700357,0.64302164901,0.613740801811
0.0573610659734,0.64302164901,0.613699555397
0.0573610659734,0.643482266237,0.613695383072
0.057523561911,0.643482266237,0.613563477993
0.057523561911,0.643942883464,0.613514006138
0.0578485537862,0.643942883464,0.613373696804
0.0578485537862,0.644864117918,0.61327624321
0.0580110497238,0.644864117918,0.613235414028
0.0580110497238,0.645324735145,0.613170683384
0.058336041599,0.645324735145,0.613145530224
0.058336041599,0.646706586826,0.612543940544
0.0584985375366,0.646706586826,0.612518787384
0.0584985375366,0.647167204053,0.612447977066
0.0589860253494,0.647167204053,0.612118601799
0.0589860253494,0.647627821281,0.6121083498
0.0594735131622,0.647627821281,0.611918747425
0.0594735131622,0.648549055735,0.611802220345
0.0596360090998,0.648549055735,0.611691594124
0.0596360090998,0.649009672962,0.611663281918
0.0597985050374,0.649009672962,0.61159747839
0.0597985050374,0.649470290189,0.611597239971
0.059961000975,0.649470290189,0.61123675108
0.059961000975,0.649930907416,0.611058473587
0.0601234969126,0.649930907416,0.610904335976
0.0601234969126,0.65085214187,0.610557019711
0.0604484887878,0.65085214187,0.610323011875
0.0604484887878,0.653155228006,0.609735250473
0.0606109847254,0.653155228006,0.609689116478
0.0606109847254,0.653615845233,0.609574019909
0.060773480663,0.653615845233,0.609488129616
0.060773480663,0.65407646246,0.609346210957
0.0610984725382,0.65407646246,0.609000384808
0.0610984725382,0.654997696914,0.608871877193
0.0612609684758,0.654997696914,0.608807265759
0.0612609684758,0.655458314141,0.608726799488
0.0614234644134,0.655458314141,0.608654081821
0.0614234644134,0.657300783049,0.608346760273
0.061585960351,0.657300783049,0.608323454857
0.061585960351,0.657761400276,0.608311593533
0.0620734481638,0.657761400276,0.607767879963
0.0620734481638,0.658682634731,0.60754275322
0.0628859278518,0.658682634731,0.606940090656
0.0628859278518,0.659143251958,0.606873273849
0.0630484237894,0.659143251958,0.606866538525
0.0630484237894,0.660064486412,0.606523633003
0.0635359116022,0.660064486412,0.606243014336
0.0635359116022,0.660525103639,0.606097340584
0.0636984075398,0.660525103639,0.606041193008
0.0636984075398,0.660985720866,0.605824172497
0.064023399415,0.660985720866,0.605703353882
0.064023399415,0.661446338093,0.605612099171
0.0643483912902,0.661446338093,0.605413913727
0.0643483912902,0.662367572547,0.60531270504
0.0646733831654,0.662367572547,0.605160713196
0.0646733831654,0.662828189774,0.605091392994
0.0649983750406,0.662828189774,0.605037808418
0.0649983750406,0.663749424228,0.60496109724
0.0651608709782,0.663749424228,0.60492837429
0.0651608709782,0.664210041456,0.604811728001
0.0653233669158,0.664210041456,0.604596495628
0.0653233669158,0.666052510364,0.604341208935
0.0654858628534,0.666052510364,0.604202389717
0.0654858628534,0.666513127591,0.60418099165
0.065648358791,0.666513127591,0.604156136513
0.065648358791,0.666973744818,0.604063272476
0.0661358466038,0.666973744818,0.603571236134
0.0661358466038,0.667434362045,0.603484272957
0.066460838479,0.667434362045,0.603307723999
0.066460838479,0.669276830953,0.602912425995
0.0666233344166,0.669276830953,0.602906942368
0.0666233344166,0.670658682635,0.602621614933
0.067273318167,0.670658682635,0.60225969553
0.067273318167,0.671579917089,0.602024674416
0.0675983100422,0.671579917089,0.602005660534
0.0675983100422,0.672040534316,0.60170686245
0.0679233019175,0.672040534316,0.601358890533
0.0679233019175,0.67296176877,0.601258933544
0.0685732856679,0.67296176877,0.600967884064
0.0685732856679,0.674343620451,0.600748002529
0.0692232694183,0.674343620451,0.600471913815
0.0692232694183,0.675264854906,0.600143909454
0.0695482612935,0.675264854906,0.600092828274
0.0695482612935,0.675725472133,0.600091636181
0.0701982450439,0.675725472133,0.599808931351
0.0701982450439,0.676646706587,0.599663794041
0.0705232369191,0.676646706587,0.599227070808
0.0705232369191,0.677567941041,0.599018633366
0.0711732206695,0.677567941041,0.598759770393
0.0711732206695,0.678489175495,0.598714888096
0.0713357166071,0.678489175495,0.598626852036
0.0713357166071,0.679410409949,0.59824693203
0.0716607084823,0.679410409949,0.597813546658
0.0716607084823,0.680331644404,0.597647964954
0.0718232044199,0.680331644404,0.597629785538
0.0718232044199,0.681252878858,0.597527682781
0.0719857003575,0.681252878858,0.597519099712
0.0719857003575,0.682174113312,0.597501337528
0.0723106922327,0.682174113312,0.59723097086
0.0723106922327,0.683555964993,0.597033858299
0.0726356841079,0.683555964993,0.596944272518
0.0726356841079,0.68401658222,0.59673178196
0.0727981800455,0.68401658222,0.596692740917
0.0727981800455,0.684937816674,0.596401870251
0.0731231719207,0.684937816674,0.596005618572
0.0731231719207,0.685398433901,0.595953643322
0.0734481637959,0.685398433901,0.595790863037
0.0734481637959,0.685859051129,0.595760941505
0.0737731556711,0.685859051129,0.595458865166
0.0737731556711,0.686780285583,0.595350444317
0.0739356516087,0.686780285583,0.595179140568
0.0739356516087,0.688622754491,0.594690442085
0.0740981475463,0.688622754491,0.594616830349
0.0740981475463,0.689543988945,0.594515562057
0.0742606434839,0.689543988945,0.594507873058
0.0742606434839,0.690004606172,0.594299376011
0.0747481312967,0.690004606172,0.594063997269
0.0747481312967,0.690465223399,0.594058990479
0.0749106272343,0.690465223399,0.59400755167
0.0749106272343,0.691847075081,0.593902528286
0.0750731231719,0.691847075081,0.593881130219
0.0750731231719,0.692307692308,0.593873679638
0.0752356191095,0.692307692308,0.593845665455
0.0752356191095,0.693689543989,0.593339443207
0.0755606109847,0.693689543989,0.593173146248
0.0755606109847,0.69507139567,0.592890918255
0.0757231069223,0.69507139567,0.592833042145
0.0757231069223,0.695532012897,0.592638731003
0.0760480987975,0.695532012897,0.592564642429
0.0760480987975,0.695992630124,0.592541694641
0.0765355866103,0.695992630124,0.592019379139
0.0765355866103,0.696913864579,0.591939926147
0.0766980825479,0.696913864579,0.591885566711
0.0766980825479,0.697835099033,0.591835379601
0.0770230744231,0.697835099033,0.591744482517
0.0770230744231,0.69829571626,0.591726839542
0.0778355541111,0.69829571626,0.591397166252
0.0778355541111,0.699216950714,0.590593338013
0.0779980500487,0.699216950714,0.59055608511
0.0779980500487,0.700138185168,0.590350866318
0.078323041924,0.700138185168,0.590304493904
0.078323041924,0.700598802395,0.590241611004
0.0788105297368,0.700598802395,0.590086579323
0.0788105297368,0.701059419622,0.589897632599
0.0794605134872,0.701059419622,0.589435398579
0.0794605134872,0.702441271304,0.589321613312
0.0802729931752,0.702441271304,0.589094817638
0.0802729931752,0.702901888531,0.588968396187
0.080760480988,0.702901888531,0.58871036768
0.080760480988,0.703823122985,0.588407099247
0.0809229769256,0.703823122985,0.588093757629
0.0809229769256,0.704744357439,0.588030517101
0.0810854728632,0.704744357439,0.587808549404
0.0810854728632,0.705665591893,0.587715983391
0.0814104647384,0.705665591893,0.587628006935
0.0814104647384,0.707047443574,0.587524533272
0.081572960676,0.707047443574,0.587482273579
0.081572960676,0.707968678029,0.587393164635
0.0817354566136,0.707968678029,0.587297976017
0.0817354566136,0.708889912483,0.587227225304
0.0820604484888,0.708889912483,0.587187290192
0.0820604484888,0.70935052971,0.587153673172
0.0825479363016,0.70935052971,0.58698362112
0.0825479363016,0.709811146937,0.586966872215
0.0835229119272,0.709811146937,0.586336433887
0.0835229119272,0.710271764164,0.586169958115
0.0836854078648,0.710271764164,0.586017072201
0.0836854078648,0.711192998618,0.585649430752
0.0838479038024,0.711192998618,0.585548877716
0.0838479038024,0.713035467526,0.585063993931
0.08401039974,0.713035467526,0.584901809692
0.08401039974,0.716259788116,0.584010899067
0.0843353916152,0.716259788116,0.583790779114
0.0843353916152,0.716720405343,0.583666145802
0.0846603834904,0.716720405343,0.583535015583
0.0846603834904,0.71718102257,0.583448410034
0.0849853753656,0.71718102257,0.583286523819
0.0849853753656,0.717641639797,0.583161532879
0.0853103672408,0.717641639797,0.582937896252
0.0853103672408,0.718562874251,0.582860827446
0.0857978550536,0.718562874251,0.582724511623
0.0857978550536,0.719944725933,0.582062125206
0.0859603509912,0.719944725933,0.581787347794
0.0859603509912,0.72040534316,0.581744074821
0.0866103347416,0.72040534316,0.581266760826
0.0866103347416,0.720865960387,0.581236124039
0.0869353266168,0.720865960387,0.581087350845
0.0869353266168,0.721326577614,0.580842673779
0.0870978225544,0.721326577614,0.580838382244
0.0870978225544,0.722708429295,0.58023416996
0.0877478063048,0.722708429295,0.579789817333
0.0877478063048,0.723169046522,0.579776227474
0.0882352941176,0.723169046522,0.579657793045
0.0882352941176,0.723629663749,0.579512119293
0.0885602859929,0.723629663749,0.579125285149
0.0885602859929,0.724090280977,0.579066693783
0.0887227819305,0.724090280977,0.578876078129
0.0887227819305,0.725011515431,0.578653812408
0.0888852778681,0.725011515431,0.578579425812
0.0888852778681,0.725472132658,0.578529477119
0.0890477738057,0.725472132658,0.578329980373
0.0890477738057,0.725932749885,0.578005611897
0.0893727656809,0.725932749885,0.577909886837
0.0893727656809,0.727775218793,0.577444493771
0.0895352616185,0.727775218793,0.577369570732
0.0895352616185,0.729157070474,0.577247738838
0.0896977575561,0.729157070474,0.577172994614
0.0896977575561,0.730999539383,0.576809346676
0.0898602534937,0.730999539383,0.576693058014
0.0898602534937,0.73146015661,0.576648652554
0.0900227494313,0.73146015661,0.576535999775
0.0900227494313,0.732381391064,0.576361715794
0.0901852453689,0.732381391064,0.576345860958
0.0901852453689,0.733302625518,0.575976908207
0.0909977250569,0.733302625518,0.575563728809
0.0909977250569,0.734223859972,0.575509011745
0.0913227169321,0.734223859972,0.575403869152
0.0913227169321,0.734684477199,0.575298726559
0.0914852128697,0.734684477199,0.57520711422
0.0914852128697,0.735145094427,0.575027823448
0.0916477088073,0.735145094427,0.574942111969
0.0916477088073,0.736066328881,0.574428737164
0.0918102047449,0.736066328881,0.574406802654
0.0918102047449,0.736526946108,0.574355661869
0.0919727006825,0.736526946108,0.574292063713
0.0919727006825,0.736987563335,0.574266850948
0.0922976925577,0.736987563335,0.574076294899
0.0922976925577,0.738369415016,0.573747396469
0.0924601884953,0.738369415016,0.573502600193
0.0924601884953,0.738830032243,0.573493301868
0.0931101722457,0.738830032243,0.573363900185
0.0931101722457,0.73929064947,0.573328495026
0.0937601559961,0.73929064947,0.572844266891
0.0937601559961,0.739751266697,0.57280510664
0.0948976275593,0.739751266697,0.5723285079
0.0948976275593,0.740672501152,0.572275280952
0.0953851153721,0.740672501152,0.571712553501
0.0953851153721,0.742975587287,0.570943176746
0.0957101072473,0.742975587287,0.570772409439
0.0957101072473,0.743896821741,0.570254802704
0.0960350991225,0.743896821741,0.570125341415
0.0960350991225,0.745278673422,0.569978415966
0.0963600909977,0.745278673422,0.569848775864
0.0963600909977,0.746199907877,0.569725394249
0.0965225869353,0.746199907877,0.569704949856
0.0965225869353,0.748502994012,0.569360971451
0.0970100747481,0.748502994012,0.569103837013
0.0970100747481,0.748963611239,0.569040954113
0.0974975625609,0.748963611239,0.568814218044
0.0974975625609,0.749884845693,0.568734824657
0.0983100422489,0.749884845693,0.568311750889
0.0983100422489,0.75034546292,0.568266272545
0.0987975300617,0.75034546292,0.568031013012
0.0987975300617,0.750806080147,0.567780971527
0.099122521937,0.750806080147,0.567699074745
0.099122521937,0.751266697374,0.567682981491
0.0992850178746,0.751266697374,0.567676305771
0.0992850178746,0.751727314602,0.567654907703
0.0996100097498,0.751727314602,0.567319989204
0.0996100097498,0.752648549056,0.567143082619
0.100422489438,0.752648549056,0.566679060459
0.100422489438,0.75356978351,0.566458702087
0.100909977251,0.75356978351,0.56634157896
0.100909977251,0.754030400737,0.56616050005
0.101884952876,0.754030400737,0.56556648016
0.101884952876,0.754491017964,0.565493166447
0.103022424439,0.754491017964,0.564689695835
0.103022424439,0.754951635191,0.564594745636
0.10367240819,0.754951635191,0.564386308193
0.10367240819,0.755412252418,0.564263761044
0.10432239194,0.755412252418,0.563908040524
0.10432239194,0.755872869645,0.563865602016
0.104972375691,0.755872869645,0.563632309437
0.104972375691,0.756794104099,0.56360077858
0.105297367566,0.756794104099,0.563341379166
0.105297367566,0.757254721327,0.563227295876
0.105784855379,0.757254721327,0.563009977341
0.105784855379,0.757715338554,0.562935888767
0.105947351316,0.757715338554,0.562860071659
0.105947351316,0.758175955781,0.562753915787
0.106597335067,0.758175955781,0.562370300293
0.106597335067,0.759557807462,0.562268733978
0.106759831004,0.759557807462,0.562194764614
0.106759831004,0.760018424689,0.562112092972
0.107247318817,0.760018424689,0.562067687511
0.107247318817,0.760479041916,0.562000274658
0.107409814755,0.760479041916,0.561965227127
0.107409814755,0.760939659143,0.561924338341
0.107572310692,0.760939659143,0.561798334122
0.107572310692,0.76140027637,0.561705291271
0.10773480663,0.76140027637,0.561567604542
0.10773480663,0.761860893597,0.561227858067
0.108059798505,0.761860893597,0.56114834547
0.108059798505,0.762321510825,0.561122894287
0.108547286318,0.762321510825,0.560705184937
0.108547286318,0.763242745279,0.560665309429
0.108709782255,0.763242745279,0.560579895973
0.108709782255,0.763703362506,0.56051415205
0.109197270068,0.763703362506,0.560326159
0.109197270068,0.764163979733,0.560133993626
0.109359766006,0.764163979733,0.560059130192
0.109359766006,0.765085214187,0.559934318066
0.110009749756,0.765085214187,0.559365332127
0.110009749756,0.766467065868,0.558966875076
0.110172245694,0.766467065868,0.558865487576
0.110172245694,0.766927683095,0.5587657094
0.110334741631,0.766927683095,0.558743596077
0.110334741631,0.767388300322,0.558716773987
0.110497237569,0.767388300322,0.558712124825
0.110497237569,0.76784891755,0.55869024992
0.110822229444,0.76784891755,0.558630645275
0.110822229444,0.769230769231,0.558445453644
0.112284692883,0.769230769231,0.557873249054
0.112284692883,0.769691386458,0.557683467865
0.112772180695,0.769691386458,0.55760204792
0.112772180695,0.770612620912,0.55743509531
0.115047123822,0.770612620912,0.556828141212
0.115047123822,0.771073238139,0.556664049625
0.11520961976,0.771073238139,0.556591808796
0.11520961976,0.771533855366,0.556502699852
0.11585960351,0.771533855366,0.556134641171
0.11585960351,0.772915707047,0.555916070938
0.116022099448,0.772915707047,0.555880248547
0.116022099448,0.773376324275,0.555871188641
0.116347091323,0.773376324275,0.555751383305
0.116347091323,0.773836941502,0.555747151375
0.11650958726,0.773836941502,0.555610597134
0.11650958726,0.774758175956,0.555547118187
0.116997075073,0.774758175956,0.555184781551
0.116997075073,0.775218793183,0.555012345314
0.117159571011,0.775218793183,0.55497866869
0.117159571011,0.77567941041,0.554900407791
0.117322066948,0.77567941041,0.554771542549
0.117322066948,0.776140027637,0.554745137691
0.117484562886,0.776140027637,0.554741442204
0.117484562886,0.776600644864,0.554474592209
0.118134546636,0.776600644864,0.5541010499
0.118134546636,0.777061262091,0.55401468277
0.118622034449,0.777061262091,0.55389714241
0.118622034449,0.778443113772,0.55367231369
0.118784530387,0.778443113772,0.553568542004
0.118784530387,0.778903731,0.553506791592
0.1192720182,0.778903731,0.553408682346
0.1192720182,0.779824965454,0.553331971169
0.119759506012,0.779824965454,0.553087592125
0.119759506012,0.780285582681,0.553003191948
0.120084497888,0.780285582681,0.552722811699
0.120084497888,0.780746199908,0.552614510059
0.120246993825,0.780746199908,0.552480518818
0.120246993825,0.781206817135,0.552433013916
0.120734481638,0.781206817135,0.552220761776
0.120734481638,0.782128051589,0.552110731602
0.120896977576,0.782128051589,0.552093446255
0.120896977576,0.782588668816,0.552075326443
0.121059473513,0.782588668816,0.552070856094
0.121059473513,0.783970520497,0.551704525948
0.121221969451,0.783970520497,0.551550090313
0.121221969451,0.784431137725,0.551448225975
0.121384465388,0.784431137725,0.551401734352
0.121384465388,0.784891754952,0.551185369492
0.121546961326,0.784891754952,0.55094742775
0.121546961326,0.785812989406,0.5504783988
0.122521936952,0.785812989406,0.549759149551
0.122521936952,0.78673422386,0.549674510956
0.122846928827,0.78673422386,0.549350619316
0.122846928827,0.787655458314,0.549167573452
0.123009424764,0.787655458314,0.549159884453
0.123009424764,0.788116075541,0.54903960228
0.12333441664,0.788116075541,0.548883736134
0.12333441664,0.789037309995,0.548854112625
0.123496912577,0.789037309995,0.548803508282
0.123496912577,0.789497927222,0.548780918121
0.123659408515,0.789497927222,0.548701822758
0.123659408515,0.790419161677,0.54852604866
0.12463438414,0.790419161677,0.547871053219
0.12463438414,0.791340396131,0.547528862953
0.124959376016,0.791340396131,0.547378897667
0.124959376016,0.792722247812,0.547206282616
0.125121871953,0.792722247812,0.5471804142
0.125121871953,0.793182865039,0.547172665596
0.125771855704,0.793182865039,0.546947658062
0.125771855704,0.793643482266,0.546891033649
0.125934351641,0.793643482266,0.546833693981
0.125934351641,0.794104099493,0.54680532217
0.126096847579,0.794104099493,0.546765089035
0.126096847579,0.79456471672,0.546752393246
0.126746831329,0.79456471672,0.546478390694
0.126746831329,0.795025333947,0.546436727047
0.127721806955,0.795025333947,0.54575330019
0.127721806955,0.795485951175,0.545714497566
0.128534286643,0.795485951175,0.545475304127
0.128534286643,0.795946568402,0.5452657938
0.129021774456,0.795946568402,0.54499489069
0.129021774456,0.796407185629,0.544940948486
0.129834254144,0.796407185629,0.544706344604
0.129834254144,0.797328420083,0.544680774212
0.130484237894,0.797328420083,0.544388592243
0.130484237894,0.798249654537,0.54424571991
0.132271693208,0.798249654537,0.54332613945
0.132271693208,0.798710271764,0.543291389942
0.133409164771,0.798710271764,0.542766809464
0.133409164771,0.799170888991,0.542693555355
0.133571660708,0.799170888991,0.542671620846
0.133571660708,0.799631506218,0.542532086372
0.134059148521,0.799631506218,0.542421519756
0.134059148521,0.8010133579,0.542137265205
0.134384140396,0.8010133579,0.54210716486
0.134384140396,0.801934592354,0.542036294937
0.135359116022,0.801934592354,0.541505277157
0.135359116022,0.802395209581,0.541414141655
0.135846603835,0.802395209581,0.541346728802
0.135846603835,0.802855826808,0.54134118557
0.136009099773,0.802855826808,0.541323006153
0.136009099773,0.803316444035,0.541232168674
0.136659083523,0.803316444035,0.541130542755
0.136659083523,0.803777061262,0.541117846966
0.136821579461,0.803777061262,0.541115283966
0.136821579461,0.804237678489,0.541086614132
0.136984075398,0.804237678489,0.541077971458
0.136984075398,0.804698295716,0.541014611721
0.137146571336,0.805158912943,0.540745437145
0.137146571336,0.80561953017,0.54071778059
0.137471563211,0.80561953017,0.54061704874
0.137471563211,0.806540764625,0.540434956551
0.138121546961,0.806540764625,0.540237307549
0.138121546961,0.807001381852,0.540200650692
0.138284042899,0.807001381852,0.540179073811
0.138284042899,0.808383233533,0.540039479733
0.138609034774,0.808383233533,0.539889931679
0.138609034774,0.80884385076,0.539820730686
0.139421514462,0.80884385076,0.53970259428
0.139421514462,0.809304467987,0.539634823799
0.139746506337,0.809304467987,0.539479911327
0.139746506337,0.809765085214,0.539414167404
0.139909002275,0.809765085214,0.539409995079
0.139909002275,0.810686319668,0.539318025112
0.140721481963,0.810686319668,0.539077758789
0.140721481963,0.811607554123,0.538919091225
0.141371465713,0.811607554123,0.538636565208
0.141371465713,0.81206817135,0.538633584976
0.141533961651,0.81206817135,0.538618385792
0.141533961651,0.812528788577,0.538464963436
0.142021449464,0.812528788577,0.5382553339
0.142021449464,0.812989405804,0.538200318813
0.142671433214,0.812989405804,0.537957549095
0.142671433214,0.813450023031,0.537899553776
0.143483912902,0.813450023031,0.537721812725
0.143483912902,0.814831874712,0.53762024641
0.143808904777,0.814831874712,0.537439763546
0.143808904777,0.815753109166,0.537272274494
0.144621384465,0.815753109166,0.536822319031
0.144621384465,0.816213726393,0.536749184132
0.145108872278,0.816213726393,0.536543786526
0.145108872278,0.81667434362,0.536515772343
0.145433864153,0.81667434362,0.536316275597
0.145433864153,0.817134960848,0.536256432533
0.145921351966,0.817134960848,0.536023497581
0.145921351966,0.818056195302,0.535806655884
0.146571335717,0.818056195302,0.535637676716
0.146571335717,0.818516812529,0.535561025143
0.146896327592,0.818516812529,0.535444378853
0.146896327592,0.818977429756,0.535410702229
0.147546311342,0.818977429756,0.535187959671
0.147546311342,0.819438046983,0.535141170025
0.148033799155,0.819438046983,0.534704387188
0.148033799155,0.81989866421,0.534689605236
0.148521286968,0.81989866421,0.534576773643
0.148521286968,0.820359281437,0.534401118755
0.148683782905,0.820359281437,0.534392476082
0.148683782905,0.820819898664,0.534286618233
0.149008774781,0.820819898664,0.534241199493
0.149008774781,0.821280515891,0.534083902836
0.149496262593,0.821280515891,0.533956766129
0.149496262593,0.821741133118,0.533877491951
0.150146246344,0.821741133118,0.533619761467
0.150146246344,0.822201750345,0.533510506153
0.151608709782,0.822201750345,0.533102810383
0.151608709782,0.8231229848,0.533025622368
0.152258693533,0.8231229848,0.532967567444
0.152258693533,0.824044219254,0.532898724079
0.153721156971,0.824044219254,0.53235822916
0.153721156971,0.824504836481,0.532333433628
0.153883652909,0.824504836481,0.532304286957
0.153883652909,0.824965453708,0.532205224037
0.154046148846,0.824965453708,0.532083749771
0.154046148846,0.825426070935,0.532032132149
0.154371140721,0.825426070935,0.531801342964
0.154371140721,0.825886688162,0.531772851944
0.155671108222,0.825886688162,0.53135663271
0.155671108222,0.826347305389,0.531326711178
0.156646083848,0.826347305389,0.530732572079
0.156646083848,0.826807922616,0.530658066273
0.157946051349,0.826807922616,0.530096709728
0.157946051349,0.828650391525,0.52988755703
0.158758531037,0.828650391525,0.529737830162
0.158758531037,0.829111008752,0.529588222504
0.16054598635,0.829111008752,0.529204845428
0.16054598635,0.829571625979,0.529188990593
0.160870978226,0.829571625979,0.529157996178
0.160870978226,0.830032243206,0.529153943062
0.161845953851,0.830032243206,0.528795659542
0.161845953851,0.830492860433,0.528710842133
0.162333441664,0.830492860433,0.528563559055
0.162333441664,0.83095347766,0.528550922871
0.162495937602,0.83095347766,0.528541505337
0.162495937602,0.831414094887,0.528521299362
0.162658433539,0.831414094887,0.52852076292
0.162658433539,0.832335329341,0.528450727463
0.162820929477,0.832335329341,0.52831441164
0.162820929477,0.832795946568,0.52823060751
0.163145921352,0.832795946568,0.528075039387
0.163145921352,0.833256563795,0.528073072433
0.165258368541,0.833256563795,0.526789963245
0.165258368541,0.833717181023,0.526613235474
0.165908352291,0.833717181023,0.52635461092
0.165908352291,0.83417779825,0.526131093502
0.166395840104,0.83417779825,0.526087760925
0.166395840104,0.834638415477,0.526029229164
0.166720831979,0.834638415477,0.525793731213
0.166720831979,0.835099032704,0.525657057762
0.166883327917,0.835099032704,0.525637686253
0.166883327917,0.835559649931,0.525596857071
0.167695807605,0.835559649931,0.525318980217
0.167695807605,0.836020267158,0.525299608707
0.169645758856,0.836020267158,0.52437210083
0.169645758856,0.836480884385,0.524109661579
0.170133246669,0.836480884385,0.523910343647
0.170133246669,0.836941501612,0.52389973402
0.170783230419,0.836941501612,0.523532867432
0.170783230419,0.837402118839,0.523435175419
0.172570685733,0.837402118839,0.522846221924
0.172570685733,0.837862736066,0.522817194462
0.173058173546,0.837862736066,0.522400140762
0.173058173546,0.838323353293,0.522182106972
0.173383165421,0.838323353293,0.521830558777
0.173383165421,0.839244587748,0.521685779095
0.173708157296,0.839244587748,0.521610617638
0.173708157296,0.839705204975,0.521586000919
0.174033149171,0.839705204975,0.521458745003
0.174033149171,0.840165822202,0.52137362957
0.175170620734,0.840165822202,0.521133482456
0.175170620734,0.840626439429,0.521114766598
0.175333116672,0.840626439429,0.521065831184
0.175333116672,0.841087056656,0.521003723145
0.17549561261,0.841087056656,0.520976245403
0.17549561261,0.841547673883,0.520958960056
0.175820604485,0.841547673883,0.520865321159
0.175820604485,0.84200829111,0.520865082741
0.176958076048,0.84200829111,0.52038949728
0.176958076048,0.842468908337,0.520370602608
0.177933051674,0.842468908337,0.520081281662
0.177933051674,0.842929525564,0.520079314709
0.178258043549,0.842929525564,0.519908964634
0.178258043549,0.843390142791,0.519844293594
0.178583035424,0.843390142791,0.519671559334
0.178583035424,0.843850760018,0.519572496414
0.178908027299,0.843850760018,0.519388020039
0.178908027299,0.844771994473,0.519313573837
0.179233019175,0.844771994473,0.519091129303
0.179233019175,0.845693228927,0.519020318985
0.1802079948,0.845693228927,0.518719851971
0.1802079948,0.846614463381,0.518527209759
0.180695482613,0.846614463381,0.518310964108
0.180695482613,0.847075080608,0.518238961697
0.181020474488,0.847075080608,0.518041372299
0.181020474488,0.847535697835,0.518029510975
0.182157946051,0.847535697835,0.517590880394
0.182157946051,0.847996315062,0.517173111439
0.183782905427,0.847996315062,0.516387104988
0.183782905427,0.848456932289,0.516337931156
0.18427039324,0.848456932289,0.516172587872
0.18427039324,0.848917549516,0.516166090965
0.185570360741,0.848917549516,0.515565335751
0.185570360741,0.849838783971,0.515419840813
0.186057848554,0.849838783971,0.515079081059
0.186057848554,0.850299401198,0.515033900738
0.186220344491,0.850299401198,0.515021085739
0.186220344491,0.850760018425,0.515021026134
0.187032824179,0.850760018425,0.514528274536
0.187032824179,0.851220635652,0.51451677084
0.18833279168,0.851220635652,0.514054715633
0.18833279168,0.851681252879,0.513997852802
0.188495287618,0.851681252879,0.513990044594
0.188495287618,0.852141870106,0.513895869255
0.188657783555,0.852141870106,0.513849020004
0.188657783555,0.852602487333,0.513779044151
0.188982775431,0.852602487333,0.513626694679
0.188982775431,0.85306310456,0.513558924198
0.189307767306,0.85306310456,0.5133253932
0.189307767306,0.853523721787,0.51322722435
0.189795255119,0.853523721787,0.513096868992
0.189795255119,0.854444956241,0.513025820255
0.190932726682,0.854444956241,0.512750685215
0.190932726682,0.855366190696,0.512722194195
0.191420214495,0.855366190696,0.512653648853
0.191420214495,0.855826807923,0.512591421604
0.192720181995,0.855826807923,0.511778950691
0.192720181995,0.85628742515,0.511749923229
0.193370165746,0.85628742515,0.511533021927
0.193370165746,0.856748042377,0.511405169964
0.193532661683,0.856748042377,0.511384546757
0.193532661683,0.858129894058,0.511090636253
0.193695157621,0.858129894058,0.510875701904
0.193695157621,0.858590511285,0.510844051838
0.194182645434,0.858590511285,0.510617613792
0.194182645434,0.859511745739,0.510537981987
0.194995125122,0.859511745739,0.51033526659
0.194995125122,0.859972362966,0.510274648666
0.19645758856,0.859972362966,0.50975894928
0.19645758856,0.860432980193,0.509748935699
0.197757556061,0.860432980193,0.509303033352
0.197757556061,0.860893597421,0.509255707264
0.197920051999,0.860893597421,0.509147822857
0.197920051999,0.861354214648,0.509008407593
0.198245043874,0.861354214648,0.508876681328
0.198245043874,0.861814831875,0.508807182312
0.198570035749,0.861814831875,0.508610188961
0.198570035749,0.862736066329,0.508593976498
0.199545011375,0.862736066329,0.507842898369
0.199545011375,0.863657300783,0.507829964161
0.202632434189,0.863657300783,0.506933569908
0.202632434189,0.86411791801,0.506815731525
0.202957426064,0.86411791801,0.506743609905
0.202957426064,0.864578535237,0.506584763527
0.203769905752,0.864578535237,0.506287813187
0.203769905752,0.865499769691,0.506103873253
0.20393240169,0.865499769691,0.506076574326
0.20393240169,0.865960386918,0.505718231201
0.204094897628,0.865960386918,0.505703687668
0.204094897628,0.866421004146,0.505653321743
0.205394865128,0.866421004146,0.505094110966
0.205394865128,0.8673422386,0.505020320415
0.206857328567,0.8673422386,0.504496872425
0.206857328567,0.867802855827,0.504434704781
0.207019824504,0.867802855827,0.504344880581
0.207019824504,0.869184707508,0.504248738289
0.20799480013,0.869184707508,0.504018306732
0.20799480013,0.869645324735,0.503909647465
0.208807279818,0.869645324735,0.503439366817
0.208807279818,0.870105941962,0.503412842751
0.208969775756,0.870105941962,0.5033659935
0.208969775756,0.871027176416,0.503330886364
0.209294767631,0.871027176416,0.503305733204
0.209294767631,0.871948410871,0.503125548363
0.209782255444,0.871948410871,0.503021001816
0.209782255444,0.872409028098,0.502893388271
0.210107247319,0.872409028098,0.502851188183
0.210107247319,0.872869645325,0.502829730511
0.211082222944,0.872869645325,0.502705812454
0.211082222944,0.873330262552,0.50269061327
0.213194670133,0.873330262552,0.501861333847
0.213194670133,0.873790879779,0.50185585022
0.213519662008,0.873790879779,0.501755297184
0.213519662008,0.874251497006,0.501744449139
0.213844653884,0.874251497006,0.501713454723
0.213844653884,0.874712114233,0.501671910286
0.214819629509,0.874712114233,0.501507997513
0.214819629509,0.87517273146,0.50136911869
0.215144621384,0.87517273146,0.501278221607
0.215144621384,0.875633348687,0.501180768013
0.215794605135,0.875633348687,0.500868201256
0.215794605135,0.876093965914,0.500826716423
0.215957101072,0.876093965914,0.500818252563
0.215957101072,0.876554583141,0.500771403313
0.21611959701,0.876554583141,0.50069385767
0.21611959701,0.877015200368,0.500636219978
0.216932076698,0.877015200368,0.500244617462
0.216932076698,0.877475817596,0.50022405386
0.217582060448,0.877475817596,0.499941289425
0.217582060448,0.877936434823,0.499882668257
0.218557036074,0.877936434823,0.499216407537
0.218557036074,0.87839705205,0.49900752306
0.219044523887,0.87839705205,0.498856008053
0.219044523887,0.878857669277,0.498792111874
0.2195320117,0.878857669277,0.498491197824
0.2195320117,0.879318286504,0.498484998941
0.220019499513,0.879318286504,0.498176336288
0.220019499513,0.879778903731,0.498149484396
0.22018199545,0.879778903731,0.497972518206
0.22018199545,0.880700138185,0.497916191816
0.220994475138,0.880700138185,0.497776538134
0.220994475138,0.881160755412,0.497646778822
0.221806954826,0.881160755412,0.497432023287
0.221806954826,0.881621372639,0.4974167943
0.222294442639,0.881621372639,0.497211843729
0.222294442639,0.882081989866,0.497178465128
0.223919402015,0.882081989866,0.496383666992
0.223919402015,0.882542607094,0.496366620064
0.225219369516,0.882542607094,0.495523840189
0.225219369516,0.883003224321,0.495277732611
0.226194345141,0.883003224321,0.49479341507
0.226194345141,0.883463841548,0.494715869427
0.228469288268,0.883463841548,0.493447542191
0.228469288268,0.883924458775,0.493331283331
0.231069223269,0.883924458775,0.492378652096
0.231069223269,0.884385076002,0.492279142141
0.231231719207,0.884385076002,0.492192625999
0.231231719207,0.884845693229,0.492128401995
0.231881702957,0.884845693229,0.491916120052
0.231881702957,0.885306310456,0.491853237152
0.23643158921,0.885306310456,0.49078309536
0.23643158921,0.885766927683,0.490666210651
0.238219044524,0.885766927683,0.490007668734
0.238219044524,0.88622754491,0.489992380142
0.239519012025,0.88622754491,0.489161670208
0.239519012025,0.887148779364,0.489000558853
0.240656483588,0.887148779364,0.488750696182
0.240656483588,0.887609396591,0.488619267941
0.242118947026,0.887609396591,0.488295614719
0.242118947026,0.888070013819,0.488286286592
0.243743906402,0.888070013819,0.48772713542
0.243743906402,0.888530631046,0.487642735243
0.244068898278,0.888530631046,0.487493574619
0.244068898278,0.888991248273,0.487477242947
0.24455638609,0.888991248273,0.487441897392
0.24455638609,0.8894518655,0.487319111824
0.244881377966,0.8894518655,0.487270325422
0.244881377966,0.889912482727,0.487129867077
0.246181345466,0.889912482727,0.486524909735
0.246181345466,0.890373099954,0.486462682486
0.246668833279,0.890373099954,0.486197471619
0.246668833279,0.890833717181,0.486130416393
0.247643808905,0.890833717181,0.485956758261
0.247643808905,0.891294334408,0.485882729292
0.249431264218,0.891294334408,0.485462635756
0.249431264218,0.892215568862,0.485279023647
0.249593760156,0.892215568862,0.485275030136
0.249593760156,0.892676186089,0.485083758831
0.250081247969,0.892676186089,0.484864413738
0.250081247969,0.893136803316,0.484859138727
0.250568735782,0.893136803316,0.484792053699
0.250568735782,0.893597420544,0.484759002924
0.253656158596,0.893597420544,0.483617693186
0.253656158596,0.894058037771,0.483609110117
0.256256093598,0.894058037771,0.482786983252
0.256256093598,0.894518654998,0.482778698206
0.256581085473,0.894518654998,0.482655525208
0.256581085473,0.894979272225,0.482622802258
0.256906077348,0.894979272225,0.48253762722
0.257068573286,0.895439889452,0.482451051474
0.257881052974,0.895439889452,0.482135981321
0.257881052974,0.896821741133,0.482016801834
0.25950601235,0.896821741133,0.481424480677
0.25950601235,0.89728235836,0.481292456388
0.2601559961,0.89728235836,0.481022447348
0.2601559961,0.897742975587,0.480987787247
0.260318492038,0.897742975587,0.480969935656
0.260318492038,0.898664210041,0.480923146009
0.261293467663,0.898664210041,0.480642080307
0.261293467663,0.899124827269,0.480624139309
0.261455963601,0.899124827269,0.480559498072
0.261455963601,0.900046061723,0.480250686407
0.262755931102,0.900046061723,0.479709059
0.262755931102,0.90050667895,0.479654192924
0.262918427039,0.90050667895,0.479533493519
0.262918427039,0.900967296177,0.479490637779
0.26356841079,0.900967296177,0.47920563817
0.26356841079,0.901427913404,0.479055911303
0.266980825479,0.901427913404,0.478066504002
0.266980825479,0.901888530631,0.478045910597
0.268768280793,0.901888530631,0.477439820766
0.268768280793,0.902349147858,0.477354079485
0.268930776731,0.902349147858,0.477322459221
0.268930776731,0.902809765085,0.477314293385
0.269580760481,0.902809765085,0.477019876242
0.269580760481,0.903270382312,0.476951420307
0.270718232044,0.903270382312,0.476721763611
0.270718232044,0.903730999539,0.47669133544
0.271043223919,0.903730999539,0.476587325335
0.271043223919,0.904191616766,0.476557642221
0.27169320767,0.904191616766,0.476282536983
0.27169320767,0.904652233994,0.476267457008
0.275593110172,0.904652233994,0.475081771612
0.275593110172,0.905112851221,0.475069284439
0.276568085798,0.905112851221,0.474890381098
0.276568085798,0.905573468448,0.474762886763
0.276730581735,0.905573468448,0.47473987937
0.276730581735,0.906034085675,0.474664002657
0.279655508612,0.906034085675,0.47384122014
0.279655508612,0.906494702902,0.473805516958
0.280792980175,0.906494702902,0.473585367203
0.280792980175,0.906955320129,0.473557114601
0.281280467988,0.906955320129,0.473291665316
0.281280467988,0.907415937356,0.473246574402
0.282905427364,0.907415937356,0.472815781832
0.282905427364,0.907876554583,0.47267434001
0.288430289243,0.907876554583,0.470774263144
0.288430289243,0.90833717181,0.470591783524
0.289080272993,0.90833717181,0.470288544893
0.289080272993,0.908797789037,0.470190048218
0.289567760806,0.908797789037,0.469997107983
0.289567760806,0.909258406264,0.469986051321
0.289730256744,0.909258406264,0.469962447882
0.289730256744,0.909719023491,0.469876170158
0.290217744556,0.909719023491,0.469688743353
0.290217744556,0.910179640719,0.469608843327
0.290867728307,0.910179640719,0.469336122274
0.290867728307,0.910640257946,0.469266921282
0.29200519987,0.910640257946,0.469115138054
0.29200519987,0.9115614924,0.469068437815
0.296230094248,0.9115614924,0.467934429646
0.296230094248,0.912022109627,0.467895060778
0.296880077998,0.912022109627,0.467643082142
0.296880077998,0.912482726854,0.467573970556
0.297692557686,0.912482726854,0.467378586531
0.297692557686,0.912943344081,0.467285335064
0.30012999675,0.912943344081,0.466735541821
0.30012999675,0.913403961308,0.466676741838
0.302404939877,0.913403961308,0.465984940529
0.302404939877,0.913864578535,0.465969264507
0.302729931752,0.913864578535,0.465950101614
0.302729931752,0.914325195762,0.465918630362
0.302892427689,0.914325195762,0.465840399265
0.302892427689,0.914785812989,0.465819299221
0.303379915502,0.914785812989,0.465700745583
0.303379915502,0.915246430216,0.465698897839
0.305329866753,0.915246430216,0.465165764093
0.305329866753,0.915707047444,0.465158671141
0.305654858629,0.915707047444,0.465053796768
0.305654858629,0.916167664671,0.464993327856
0.305979850504,0.916167664671,0.464928686619
0.305979850504,0.916628281898,0.464920401573
0.310529736757,0.916628281898,0.463428884745
0.310529736757,0.917088899125,0.463425666094
0.313942151446,0.917088899125,0.462199062109
0.313942151446,0.917549516352,0.462176352739
0.315079623009,0.917549516352,0.461734324694
0.315079623009,0.918010133579,0.461640387774
0.315892102697,0.918010133579,0.461387097836
0.315892102697,0.918470750806,0.461226254702
0.317517062073,0.918470750806,0.460598319769
0.317517062073,0.918931368033,0.460540950298
0.323529411765,0.918931368033,0.45866984129
0.323529411765,0.91939198526,0.458652824163
0.325479363016,0.91939198526,0.458192378283
0.325479363016,0.919852602487,0.458182066679
0.325641858954,0.919852602487,0.458135128021
0.325641858954,0.920313219714,0.458082079887
0.326129346766,0.920313219714,0.457994937897
0.326129346766,0.921234454169,0.457973450422
0.329379265518,0.921234454169,0.457049518824
0.329379265518,0.921695071396,0.456987917423
0.332791680208,0.921695071396,0.45602914691
0.332791680208,0.922155688623,0.456012248993
0.333279168021,0.922155688623,0.455858409405
0.333279168021,0.92261630585,0.455799549818
0.333929151771,0.92261630585,0.455610126257
0.333929151771,0.923076923077,0.455607295036
0.33604159896,0.923076923077,0.455175310373
0.33604159896,0.923537540304,0.454987496138
0.338641533962,0.923537540304,0.45426556468
0.338641533962,0.923998157531,0.454219579697
0.338966525837,0.923998157531,0.454210668802
0.338966525837,0.924458774758,0.454168975353
0.3401039974,0.924458774758,0.453964859247
0.3401039974,0.924919391985,0.45394167304
0.341078973026,0.924919391985,0.453690081835
0.341403964901,0.924919391985,0.453667789698
0.343028924277,0.924919391985,0.453219354153
0.343028924277,0.925380009212,0.452961593866
0.34351641209,0.925380009212,0.452869355679
0.34351641209,0.925840626439,0.452836424112
0.344653883653,0.925840626439,0.45252802968
0.344653883653,0.927683095348,0.452389210463
0.345791355216,0.927683095348,0.451893478632
0.345791355216,0.928143712575,0.451864957809
0.349691257719,0.928143712575,0.451059490442
0.349691257719,0.928604329802,0.450968414545
0.35164120897,0.928604329802,0.450571507215
0.35164120897,0.929064947029,0.450496852398
0.356191095223,0.929064947029,0.449405133724
0.356191095223,0.929525564256,0.449404805899
0.356841078973,0.929525564256,0.44928213954
0.356841078973,0.929986181483,0.449226140976
0.360090997725,0.929986181483,0.448405891657
0.360090997725,0.93044679871,0.448309332132
0.361553461163,0.93044679871,0.447919696569
0.361553461163,0.930907415937,0.447914361954
0.362853428664,0.930907415937,0.447445034981
0.362853428664,0.931828650392,0.44726896286
0.364153396165,0.931828650392,0.447026222944
0.364153396165,0.932289267619,0.4470064044
0.36724081898,0.932289267619,0.446158021688
0.367565810855,0.932289267619,0.446128040552
0.369515762106,0.932289267619,0.445516556501
0.369515762106,0.932749884846,0.445474207401
0.37195320117,0.932749884846,0.444871902466
0.37195320117,0.933210502073,0.444853752851
0.374228144296,0.933210502073,0.444249659777
0.374228144296,0.9336711193,0.444229692221
0.376503087423,0.9336711193,0.443571478128
0.376503087423,0.934131736527,0.443506091833
0.377803054924,0.934131736527,0.443206489086
0.377803054924,0.934592353754,0.443173795938
0.384952876178,0.934592353754,0.441082328558
0.384952876178,0.935052970981,0.441072076559
0.388527786805,0.935052970981,0.44000518322
0.388527786805,0.935513588208,0.439982235432
0.392102697433,0.935513588208,0.439178228378
0.392102697433,0.935974205435,0.439150810242
0.396002599935,0.935974205435,0.43796440959
0.396002599935,0.936434822662,0.437957346439
0.39632759181,0.936434822662,0.437864810228
0.39632759181,0.936895439889,0.437842011452
0.397302567436,0.936895439889,0.437712341547
0.397302567436,0.937356057117,0.437640160322
0.402014949626,0.937356057117,0.436223059893
0.402014949626,0.937816674344,0.436145991087
0.406727331817,0.937816674344,0.433973550797
0.406727331817,0.938277291571,0.43390956521
0.408677283068,0.938277291571,0.433073371649
0.408677283068,0.938737908798,0.43305143714
0.409652258694,0.938737908798,0.432685464621
0.409652258694,0.939659143252,0.432644665241
0.413389665258,0.939659143252,0.431735694408
0.413389665258,0.940119760479,0.431706666946
0.426551836204,0.940119760479,0.428520083427
0.426551836204,0.940580377706,0.428508162498
0.433214169646,0.940580377706,0.426132917404
0.433214169646,0.941040994933,0.426120072603
0.436951576211,0.941040994933,0.42516708374
0.436951576211,0.94150161216,0.425145983696
0.437601559961,0.94150161216,0.42506596446
0.437601559961,0.941962229387,0.42502117157
0.441826454339,0.941962229387,0.423754900694
0.441826454339,0.942422846614,0.423667401075
0.445726356841,0.942422846614,0.422801047564
0.445726356841,0.942883463842,0.422770082951
0.457588560286,0.942883463842,0.419562727213
0.457588560286,0.944265315523,0.419445514679
0.461650958726,0.944265315523,0.418246775866
0.461650958726,0.94472593275,0.418182700872
0.463600909977,0.94472593275,0.417835950851
0.463600909977,0.945186549977,0.41766834259
0.463925901852,0.945186549977,0.417578518391
0.463925901852,0.945647167204,0.417472273111
0.466525836854,0.945647167204,0.416810959578
0.466525836854,0.946107784431,0.416759312153
0.467175820604,0.946107784431,0.41666829586
0.467175820604,0.946568401658,0.416649758816
0.469125771856,0.946568401658,0.415976583958
0.469125771856,0.947029018885,0.415968596935
0.470913227169,0.947029018885,0.415577977896
0.470913227169,0.947489636112,0.415563732386
0.473838154046,0.947489636112,0.414734274149
0.473838154046,0.947950253339,0.414698600769
0.474975625609,0.947950253339,0.414186298847
0.474975625609,0.948410870567,0.414172559977
0.479200519987,0.948410870567,0.412927359343
0.479200519987,0.948871487794,0.412833154202
0.480175495613,0.948871487794,0.4124982059
0.480175495613,0.949332105021,0.412430465221
0.486025349366,0.949332105021,0.410923451185
0.486025349366,0.949792722248,0.410913467407
0.488625284368,0.949792722248,0.410401284695
0.488625284368,0.950253339475,0.410387903452
0.505849853754,0.950253339475,0.405671805143
0.505849853754,0.950713956702,0.405665278435
0.520474488138,0.950713956702,0.401652395725
0.520474488138,0.951174573929,0.401632189751
0.521124471888,0.951174573929,0.401378124952
0.521124471888,0.951635191156,0.401359856129
0.527299317517,0.951635191156,0.399585306644
0.527299317517,0.952095808383,0.39955997467
0.537699057524,0.952095808383,0.397207528353
0.537699057524,0.95255642561,0.397167861462
0.543223919402,0.95255642561,0.395800918341
0.543223919402,0.953017042837,0.395755589008
0.556386090348,0.953017042837,0.392388254404
0.556386090348,0.953477660064,0.392282813787
0.557686057849,0.953477660064,0.391758829355
0.557686057849,0.953938277292,0.391701906919
0.561910952226,0.953938277292,0.390927046537
0.561910952226,0.954398894519,0.390902847052
0.563048423789,0.954398894519,0.390632420778
0.563048423789,0.954859511746,0.390614598989
0.563860903477,0.954859511746,0.390322238207
0.563860903477,0.955320128973,0.390257775784
0.568898277543,0.955320128973,0.389039427042
0.568898277543,0.956241363427,0.388990521431
0.569223269418,0.956241363427,0.388893395662
0.569223269418,0.956701980654,0.388818562031
0.569548261293,0.956701980654,0.388745307922
0.569548261293,0.957162597881,0.388567268848
0.570035749106,0.957162597881,0.388514220715
0.570035749106,0.957623215108,0.388499826193
0.571985700357,0.957623215108,0.387836962938
0.571985700357,0.958083832335,0.387831300497
0.572960675983,0.958083832335,0.387744039297
0.572960675983,0.958544449562,0.387738287449
0.573935651609,0.958544449562,0.387554138899
0.573935651609,0.959005066789,0.38751360774
0.574260643484,0.959005066789,0.387378692627
0.574260643484,0.959465684017,0.387356519699
0.582872928177,0.959465684017,0.385634273291
0.582872928177,0.959926301244,0.385631889105
0.589860253494,0.959926301244,0.383585840464
0.589860253494,0.960386918471,0.383536040783
0.599935001625,0.960386918471,0.381006479263
0.599935001625,0.960847535698,0.38097473979
0.603997400065,0.960847535698,0.380123764277
0.603997400065,0.961768770152,0.380081683397
0.613909652259,0.961768770152,0.377485007048
0.613909652259,0.962229387379,0.377454578876
0.614559636009,0.962229387379,0.377389520407
0.614559636009,0.962690004606,0.377385377884
0.615047123822,0.962690004606,0.37731102109
0.615047123822,0.963150621833,0.377266079187
0.620246993825,0.963150621833,0.375980049372
0.620246993825,0.96361123906,0.375973582268
0.621384465388,0.96361123906,0.375775426626
0.621384465388,0.964071856287,0.375730931759
0.622196945076,0.964071856287,0.375459700823
0.622196945076,0.964532473515,0.375413745642
0.633571660708,0.964532473515,0.372717320919
0.633571660708,0.964993090742,0.372715562582
0.642508937277,0.964993090742,0.370352357626
0.642508937277,0.965453707969,0.370326519012
0.643321416965,0.965453707969,0.370069742203
0.643321416965,0.965914325196,0.370045214891
0.647871303217,0.965914325196,0.369023084641
0.647871303217,0.96683555965,0.36895647645
0.648196295093,0.96683555965,0.368837356567
0.648196295093,0.967296176877,0.36881840229
0.651121221969,0.967296176877,0.36798235774
0.651121221969,0.967756794104,0.367978215218
0.653883652909,0.967756794104,0.367205560207
0.653883652909,0.968217411331,0.367200613022
0.65583360416,0.968217411331,0.366702526808
0.65583360416,0.968678028558,0.366690456867
0.658271043224,0.968678028558,0.366063982248
0.658271043224,0.969138645785,0.366057783365
0.661358466038,0.969138645785,0.365669757128
0.661358466038,0.969599263012,0.365661740303
0.662820929477,0.969599263012,0.365432620049
0.662820929477,0.97005988024,0.365303337574
0.670783230419,0.97005988024,0.363479882479
0.670783230419,0.970520497467,0.363443434238
0.671108222294,0.970520497467,0.3634313941
0.671108222294,0.970981114694,0.36333963275
0.671270718232,0.970981114694,0.363320797682
0.671270718232,0.971441731921,0.36314946413
0.67143321417,0.971441731921,0.363146215677
0.67143321417,0.971902349148,0.363144218922
0.687845303867,0.971902349148,0.358744472265
0.687845303867,0.972362966375,0.358719676733
0.692882677933,0.972362966375,0.357193857431
0.692882677933,0.972823583602,0.357142418623
0.704907377316,0.972823583602,0.353830933571
0.704907377316,0.973284200829,0.35377535224
0.705557361066,0.973284200829,0.35360583663
0.705557361066,0.973744818056,0.353575080633
0.70734481638,0.973744818056,0.353277385235
0.70734481638,0.974205435283,0.353274822235
0.710107247319,0.974205435283,0.352569043636
0.710107247319,0.97466605251,0.352496296167
0.710919727007,0.97466605251,0.352232545614
0.710919727007,0.975126669737,0.352212965488
0.720831979201,0.975126669737,0.349719941616
0.720831979201,0.975587286965,0.349702328444
0.721644458889,0.975587286965,0.349409580231
0.721644458889,0.976047904192,0.349261939526
0.721969450764,0.976047904192,0.349191993475
0.721969450764,0.976508521419,0.349148333073
0.727981800455,0.976508521419,0.347573369741
0.727981800455,0.976969138646,0.347512483597
0.73171920702,0.976969138646,0.346718519926
0.73171920702,0.977429755873,0.346715480089
0.73236919077,0.977429755873,0.346601158381
0.73236919077,0.9778903731,0.346555620432
0.735619109522,0.9778903731,0.345814734697
0.735619109522,0.978350990327,0.345789700747
0.739519012025,0.978350990327,0.34439510107
0.739519012025,0.978811607554,0.344366937876
0.740981475463,0.978811607554,0.343866169453
0.740981475463,0.979272224781,0.343851447105
0.744881377966,0.979272224781,0.342834621668
0.744881377966,0.979732842008,0.342786222696
0.747156321092,0.979732842008,0.342350006104
0.747156321092,0.980193459235,0.342296570539
0.758693532662,0.980193459235,0.338562458754
0.758693532662,0.980654076462,0.338535189629
0.759993500162,0.980654076462,0.338096261024
0.759993500162,0.98111469369,0.338094621897
0.76828079298,0.98111469369,0.33498108387
0.76828079298,0.981575310917,0.334979295731
0.770230744231,0.981575310917,0.334644734859
0.770230744231,0.982035928144,0.334623605013
0.772505687358,0.982035928144,0.334103226662
0.772505687358,0.982496545371,0.334090471268
0.777868053299,0.982496545371,0.332801818848
0.777868053299,0.982957162598,0.332781344652
0.783717907052,0.982957162598,0.331087917089
0.783717907052,0.983417779825,0.331084430218
0.789567760806,0.983417779825,0.329673916101
0.789567760806,0.983878397052,0.329570770264
0.790217744556,0.983878397052,0.329274117947
0.790217744556,0.984339014279,0.329172819853
0.795742606435,0.984339014279,0.327613770962
0.795742606435,0.984799631506,0.327593058348
0.80760480988,0.984799631506,0.323703557253
0.80760480988,0.985260248733,0.323656827211
0.808417289568,0.985260248733,0.323319137096
0.808417289568,0.98572086596,0.32331430912
0.811992200195,0.98572086596,0.32192710042
0.811992200195,0.986181483187,0.321761906147
0.813129671758,0.986181483187,0.321520239115
0.813129671758,0.986642100415,0.321460038424
0.814592135197,0.986642100415,0.320754677057
0.814592135197,0.987102717642,0.320634007454
0.817192070198,0.987102717642,0.319768100977
0.817192070198,0.987563334869,0.319701731205
0.820116997075,0.987563334869,0.318928033113
0.820116997075,0.988023952096,0.318897992373
0.824991875203,0.988023952096,0.317356169224
0.824991875203,0.988484569323,0.317304641008
0.839779005525,0.988484569323,0.313004642725
0.839779005525,0.98894518655,0.312931358814
0.850341241469,0.98894518655,0.309420973063
0.850341241469,0.989405803777,0.3093983531
0.850828729282,0.989405803777,0.309279203415
0.850828729282,0.989866421004,0.309216231108
0.851478713032,0.989866421004,0.309183448553
0.851478713032,0.990787655458,0.309037894011
0.855378615535,0.990787655458,0.307994991541
0.855378615535,0.991248272685,0.30791041255
0.869515762106,0.991248272685,0.302486777306
0.869515762106,0.991708889912,0.302405029535
0.873740656484,0.991708889912,0.300529927015
0.873740656484,0.99216950714,0.300391167402
0.87536561586,0.99216950714,0.299819648266
0.87536561586,0.992630124367,0.299710214138
0.878615534612,0.992630124367,0.298211455345
0.878615534612,0.993090741594,0.298209577799
0.879103022424,0.993090741594,0.298073023558
0.879103022424,0.993551358821,0.298013597727
0.879265518362,0.993551358821,0.29782012105
0.879265518362,0.994011976048,0.297773629427
0.879590510237,0.994011976048,0.297609180212
0.879590510237,0.994472593275,0.297557353973
0.89161520962,0.994472593275,0.290909171104
0.89161520962,0.994933210502,0.290758043528
0.892590185245,0.994933210502,0.290305048227
0.892590185245,0.995393827729,0.290203660727
0.900064998375,0.995393827729,0.28679177165
0.900064998375,0.995854444956,0.286755263805
0.90445238869,0.995854444956,0.284845530987
0.90445238869,0.996315062183,0.284844338894
0.910789730257,0.996315062183,0.282151073217
0.910789730257,0.99677567941,0.28210157156
0.919889502762,0.99677567941,0.277964025736
0.919889502762,0.997236296637,0.27791762352
0.920539486513,0.997236296637,0.27759963274
0.920539486513,0.997696913865,0.277528434992
0.92752681183,0.997696913865,0.273276180029
0.92752681183,0.998157531092,0.273213326931
0.93630159246,0.998157531092,0.267800629139
0.93630159246,0.998618148319,0.267763972282
0.948163795905,0.998618148319,0.258665025234
0.948163795905,0.999078765546,0.258494883776
0.949788755281,0.999078765546,0.257643193007
0.949788755281,0.999539382773,0.257533341646
0.981475463113,0.999539382773,0.222399324179
0.981475463113,1.0,0.221881896257
1.0,1.0,0.0991402119398
